51,41,157,111
186,61,274,96
11,116,136,166
36,111,186,211
181,126,287,196
71,66,141,101
216,151,269,186
101,41,242,111
36,11,124,46
81,1,293,71
141,76,176,111
121,36,221,136
6,6,106,106
36,21,248,162
76,16,151,66
86,176,156,211
11,6,311,106
41,11,191,111
16,171,122,206
66,86,278,156
206,11,241,46
51,31,301,131
96,146,202,181
11,81,86,131
11,26,187,96
131,21,272,91
146,51,252,121
51,11,157,81
136,11,186,61
16,46,116,96
236,171,306,206
96,11,202,81
91,51,241,101
51,11,263,152
116,146,266,196
51,101,126,151
81,26,169,61
136,61,242,96
266,26,319,61
201,1,271,36
126,51,201,101
106,46,206,96
31,51,137,86
176,56,276,156
71,6,177,41
131,61,231,111
21,106,162,176
66,31,136,101
26,21,126,71
26,141,132,176
131,96,272,166
1,26,71,96
26,21,276,121
236,6,289,41
111,1,261,101
221,116,296,166
236,6,306,76
81,71,131,121
176,41,282,111
241,96,294,131
101,1,171,36
91,131,241,181
26,81,132,151
46,66,121,116
41,141,182,211
91,96,197,166
96,6,237,147
56,26,162,96
41,51,217,121
111,101,217,171
276,176,311,211
66,136,172,171
166,41,307,111
26,116,151,166
51,1,139,36
111,6,311,206
91,36,141,86
111,96,311,196
176,36,264,71
21,51,127,121
76,131,182,166
186,26,286,76
116,36,186,71
201,136,271,171
86,91,298,161
221,151,291,186
111,86,161,136
116,71,257,212
16,146,104,181
46,36,187,177
76,76,226,176
161,96,211,146
91,71,232,141
11,106,261,206
136,1,211,51
96,51,196,101
101,16,154,51
36,6,124,41
91,61,291,161
61,71,161,121
121,6,271,106
6,6,288,147
121,111,227,146
41,106,253,176
11,56,81,91
156,26,191,61
46,1,81,36
91,76,241,176
111,56,186,106
6,51,131,101
71,101,177,171
121,171,209,206
186,106,256,141
101,36,189,71
71,141,159,176
141,131,229,166
91,91,291,191
176,131,282,166
261,91,296,126
281,76,316,111
241,56,294,91
126,76,251,126
151,86,301,136
71,41,212,111
26,131,114,166
1,151,54,186
71,61,121,111
166,21,201,56
71,76,141,111
226,146,279,181
86,76,192,146
91,26,166,76
76,6,182,41
6,1,59,36
171,106,259,141
26,31,167,172
86,106,136,156
221,161,274,196
1,71,201,171
196,171,284,206
241,66,294,101
111,106,211,206
51,161,86,196
161,166,267,201
26,101,176,201
6,26,182,96
51,91,139,126
121,161,271,211
76,31,276,131
21,11,221,111
186,56,274,91
146,111,216,146
241,66,311,136
271,6,306,41
201,71,307,141
211,51,317,86
96,86,166,121
56,156,162,191
71,131,171,181
51,26,192,96
16,136,228,206
36,106,124,141
26,11,76,61
11,61,64,96
131,161,181,211
151,11,276,61
66,171,101,206
146,141,216,211
226,166,261,201
246,171,281,206
116,151,216,201
196,126,296,176
1,141,101,191
241,41,316,91
91,71,126,106
276,146,311,181
196,56,296,106
216,21,316,121
31,146,81,196
231,106,319,141
186,136,286,186
71,81,212,151
136,86,277,156
126,156,276,206
21,56,303,197
96,76,237,146
196,31,231,66
31,46,84,81
236,171,271,206
166,146,236,181
156,51,306,151
86,6,186,56
26,16,167,157
156,11,306,61
121,41,262,111
121,66,221,116
71,86,159,121
91,31,126,66
101,146,151,196
91,146,216,196
61,136,237,206
206,141,256,191
6,6,147,147
216,26,304,61
66,91,136,126
41,141,141,191
36,91,142,126
36,101,236,201
261,86,296,121
111,96,217,166
266,46,319,81
46,176,134,211
156,121,262,156
26,36,226,136
16,96,122,166
146,146,181,181
51,76,104,111
226,1,296,71
101,131,171,166
186,101,239,136
116,61,316,161
81,141,151,211
11,51,64,86
76,11,201,61
156,81,206,131
166,111,201,146
71,71,141,141
206,81,241,116
36,46,111,96
181,31,306,81
56,136,156,186
46,86,171,136
126,16,276,66
66,46,216,146
166,131,219,166
146,41,252,76
41,126,91,176
191,11,279,46
241,106,294,141
26,126,132,161
206,31,259,66
51,31,101,81
46,81,196,181
6,46,156,146
106,71,212,141
191,41,291,141
16,6,228,147
21,41,303,182
186,81,256,151
101,61,136,96
86,46,298,187
126,6,267,76
131,96,181,146
41,6,241,206
36,91,161,141
51,121,101,171
181,16,256,66
96,51,237,192
86,156,156,191
136,91,312,161
16,131,228,201
76,61,201,111
26,146,96,181
11,156,61,206
141,21,241,71
266,51,319,86
116,1,186,36
121,16,191,51
1,96,107,131
126,131,232,166
71,21,106,56
166,126,241,176
86,151,156,186
91,136,191,186
11,86,81,156
166,51,291,101
91,71,141,121
6,91,131,141
176,141,317,211
46,6,152,41
226,131,296,166
181,136,306,186
146,6,287,147
91,46,161,116
86,21,227,91
196,166,231,201
61,11,261,211
91,71,232,212
21,146,146,196
106,91,176,126
281,71,316,106
91,36,166,86
46,16,187,86
176,141,246,211
166,46,266,96
91,31,191,81
6,86,41,121
51,51,263,121
96,46,308,187
121,106,271,156
141,96,291,146
81,1,187,71
131,71,201,106
101,56,207,126
156,81,297,151
156,161,226,196
166,76,201,111
111,71,181,106
156,86,306,186
86,176,192,211
21,51,146,101
31,41,137,111
6,36,156,86
146,121,252,156
96,136,202,206
136,41,312,111
96,121,149,156
91,101,303,171
156,16,231,66
101,76,251,126
111,6,181,76
61,76,211,126
31,36,131,136
66,96,242,166
121,106,297,176
196,51,266,121
51,61,157,131
121,141,191,211
51,91,251,191
71,46,221,96
1,56,251,156
36,61,136,111
201,16,271,51
251,41,301,91
101,26,171,96
81,106,131,156
26,156,96,191
46,51,146,101
21,56,146,106
181,126,306,176
21,36,171,86
201,51,301,101
141,31,229,66
46,166,81,201
181,141,256,191
66,51,242,121
146,1,252,36
151,21,186,56
81,86,156,136
151,116,257,151
66,46,278,116
231,156,284,191
121,86,271,186
241,46,311,116
26,26,76,76
106,61,256,111
161,31,231,66
191,106,297,141
156,6,231,56
221,1,309,36
61,46,131,116
91,61,179,96
1,46,213,187
151,96,221,131
61,101,167,171
61,1,311,101
26,86,238,156
171,151,271,201
16,26,86,96
86,51,136,101
216,96,316,146
11,6,81,76
166,171,219,206
141,136,247,171
56,51,197,192
136,141,236,191
11,31,261,131
21,86,71,136
166,116,272,186
56,11,181,61
136,71,224,106
206,91,281,141
71,66,212,207
111,106,252,176
251,136,286,171
136,36,186,86
36,101,248,171
116,141,241,191
161,71,267,106
121,81,171,131
31,116,172,186
116,116,222,151
76,16,129,51
166,26,236,61
66,131,191,181
1,1,36,36
101,86,301,186
81,91,151,161
11,71,223,141
206,76,294,111
151,141,226,191
136,131,312,201
161,11,261,61
16,136,141,186
156,26,231,76
56,26,197,167
16,121,104,156
6,76,106,126
86,116,186,166
51,131,121,166
101,11,171,81
131,56,219,91
46,91,196,141
136,51,224,86
176,16,282,51
41,36,91,86
11,51,152,192
106,11,318,152
216,56,304,91
31,26,181,126
6,116,112,151
76,36,176,136
201,41,271,111
76,166,111,201
101,151,136,186
96,76,272,146
66,81,141,131
36,6,136,56
46,161,99,196
41,66,129,101
106,66,318,207
36,131,177,201
166,56,307,126
11,16,81,86
16,86,116,136
16,46,228,187
1,61,251,161
116,151,204,186
61,71,167,141
51,141,121,211
216,136,304,171
146,71,252,106
151,31,292,172
106,96,212,131
71,41,283,182
41,1,291,101
61,6,186,56
66,96,166,196
11,146,86,196
101,71,226,121
61,6,273,147
161,141,196,176
1,171,89,206
136,141,242,176
136,121,242,191
161,91,311,141
36,56,142,126
1,11,101,111
16,66,266,166
61,46,167,81
21,86,162,156
151,131,201,181
131,136,166,171
206,31,306,131
26,146,101,196
151,66,226,116
231,121,301,156
31,11,313,152
121,71,171,121
106,96,231,146
191,76,297,111
246,126,316,196
81,96,187,131
61,116,131,186
121,91,196,141
106,116,206,166
226,151,314,186
101,1,313,142
151,81,276,131
251,121,301,171
151,11,301,111
196,6,266,41
121,51,171,101
246,126,281,161
31,91,231,191
146,16,221,66
41,76,147,146
196,156,284,191
21,161,74,196
116,96,166,146
131,141,201,176
96,11,146,61
61,1,161,101
231,81,319,116
71,46,141,81
26,1,176,101
106,136,212,171
31,141,81,191
266,106,319,141
6,11,218,152
