171,91,312,161
176,171,211,206
96,151,131,186
26,41,96,111
161,91,261,141
111,41,311,141
26,66,238,136
11,51,64,86
176,136,264,171
261,146,314,181
221,81,256,116
96,16,184,51
61,116,149,151
246,131,299,166
141,21,247,56
171,31,296,81
166,71,236,141
126,16,196,86
86,16,298,157
81,56,206,106
176,6,317,147
126,101,267,171
26,131,202,201
196,6,296,56
221,36,291,106
106,86,318,156
71,41,121,91
96,126,184,161
51,111,121,146
76,121,226,171
86,51,236,151
96,136,246,186
236,91,271,126
36,56,86,106
71,16,171,116
86,116,156,186
151,141,226,191
131,71,201,106
46,26,171,76
221,116,256,151
101,1,154,36
181,151,216,186
36,71,142,141
181,16,306,66
161,161,231,196
201,136,271,171
146,61,196,111
56,86,106,136
151,16,201,66
21,66,233,136
96,76,246,176
1,61,213,202
11,136,136,186
71,76,212,146
6,126,76,196
101,51,201,151
66,41,216,91
221,1,296,51
216,141,316,191
26,6,79,41
11,76,187,146
31,101,131,201
241,166,276,201
1,36,107,106
26,156,101,206
111,81,252,151
66,91,136,126
96,156,146,206
226,96,296,166
241,156,311,191
266,176,301,211
151,136,301,186
46,76,146,176
116,41,257,111
206,156,281,206
121,131,209,166
161,121,261,171
251,141,301,191
151,96,226,146
31,51,137,86
46,161,152,196
16,76,228,146
51,106,201,206
246,136,316,206
166,146,201,181
161,106,211,156
6,66,81,116
61,116,114,151
136,26,211,76
221,6,256,41
31,6,243,147
26,66,79,101
61,41,261,141
36,6,186,56
141,56,291,106
156,91,262,161
81,81,156,131
46,156,152,191
186,86,286,136
86,96,286,196
41,56,241,156
106,131,231,181
61,81,161,131
106,26,206,126
56,41,232,111
101,16,151,66
231,136,301,206
161,96,231,131
181,31,251,101
116,56,191,106
11,1,161,51
66,146,136,181
231,41,306,91
91,21,267,91
166,171,201,206
161,76,196,111
166,66,316,116
1,101,107,171
206,121,306,171
1,1,107,36
6,101,156,201
71,41,283,111
96,126,146,176
156,86,262,156
261,126,296,161
241,96,311,131
116,61,186,131
36,151,186,201
146,31,252,66
181,56,306,106
141,71,241,171
66,1,266,101
111,116,181,151
206,6,306,56
221,1,271,51
161,46,261,96
81,116,187,151
176,101,264,136
106,21,176,91
201,86,301,186
136,176,189,211
1,21,126,71
1,66,36,101
251,146,301,196
246,121,316,191
96,131,308,201
121,161,174,196
106,36,194,71
91,136,191,186
76,96,126,146
136,101,186,151
86,66,236,116
111,51,186,101
16,31,86,101
131,46,272,116
201,121,307,156
56,51,162,86
171,51,277,121
96,6,196,106
71,96,283,166
151,101,257,171
76,21,288,91
21,21,303,162
161,1,231,71
126,86,276,136
136,36,224,71
281,46,316,81
46,146,81,181
66,56,172,91
111,36,252,177
221,11,291,46
51,161,86,196
121,61,227,131
81,151,187,186
16,66,216,166
56,16,181,66
96,26,246,76
16,21,157,162
166,81,272,116
41,101,191,201
186,31,274,66
146,131,216,166
186,111,256,181
191,126,291,176
21,61,91,96
86,26,192,96
236,91,311,141
41,121,141,171
126,101,214,136
11,71,223,212
11,81,81,151
156,66,226,101
126,1,201,51
66,36,278,106
46,71,222,141
101,46,277,116
56,131,109,166
216,106,316,206
206,51,294,86
71,156,146,206
16,46,166,96
6,41,218,182
106,81,282,151
16,106,166,156
126,86,232,156
66,106,166,206
216,11,316,61
136,161,286,211
121,116,271,166
46,131,187,201
41,166,129,201
236,171,271,206
201,11,271,46
201,36,301,86
76,21,252,91
136,41,236,141
116,136,186,171
166,51,241,101
191,166,297,201
146,36,246,86
136,6,242,76
31,26,131,126
116,76,292,146
136,111,236,211
1,146,54,181
261,101,311,151
101,151,189,186
31,36,101,71
51,61,263,131
231,6,284,41
206,141,294,176
26,141,101,191
121,56,171,106
231,26,306,76
31,161,101,196
106,61,176,131
156,136,262,171
41,56,147,126
21,81,127,116
16,71,316,171
86,61,286,161
156,11,297,81
21,46,91,81
266,81,319,116
66,16,141,66
26,36,126,136
126,26,276,126
211,131,246,166
251,136,301,186
36,21,142,56
101,16,277,86
146,141,296,191
96,86,166,156
181,1,269,36
111,126,261,176
86,141,161,191
106,111,247,181
41,6,141,106
161,21,302,91
201,41,271,111
131,156,206,206
206,26,294,61
156,36,262,71
241,46,276,81
11,61,293,202
186,131,236,181
216,46,269,81
56,31,162,66
181,86,251,156
6,161,59,196
51,161,151,211
16,66,298,207
201,11,271,81
11,1,111,101
191,26,297,96
26,36,96,106
26,166,79,201
206,116,276,151
191,56,297,126
101,11,301,111
106,101,206,151
216,56,286,91
176,126,226,176
46,131,146,181
91,76,267,146
126,106,196,176
196,126,231,161
86,86,161,136
1,61,201,161
51,16,201,116
66,56,316,156
11,41,81,76
96,51,196,151
126,56,267,126
51,71,151,121
36,6,236,206
16,21,51,56
41,81,94,116
16,121,86,191
6,1,218,71
21,41,74,76
146,161,234,196
141,81,191,131
31,141,207,211
56,141,162,211
16,101,157,171
206,51,306,101
191,41,297,76
136,31,211,81
166,46,216,96
186,81,286,131
171,176,277,211
31,11,207,81
181,51,251,86
121,21,171,71
186,6,292,76
16,116,116,166
101,121,171,156
101,26,301,126
41,101,217,171
61,31,131,66
206,16,259,51
181,56,287,91
241,41,316,91
196,61,296,111
81,36,116,71
11,56,311,156
136,16,286,116
21,136,121,186
116,56,292,126
206,41,312,76
66,6,278,147
6,61,147,131
141,126,247,196
86,126,186,176
161,116,286,166
116,81,186,151
166,56,316,106
66,66,216,116
66,11,136,46
156,101,226,171
116,71,216,121
51,96,301,196
256,36,291,71
41,26,94,61
201,171,289,206
71,11,271,211
161,46,211,96
171,1,271,101
206,116,281,166
106,31,206,131
211,96,281,131
101,101,176,151
271,56,306,91
41,136,182,206
111,26,217,61
201,81,307,116
106,91,141,126
276,16,311,51
216,21,269,56
81,91,231,191
146,76,252,146
176,51,246,121
151,101,301,201
201,121,289,156
271,71,306,106
266,31,316,81
271,6,306,41
81,41,156,91
56,141,197,211
116,71,292,141
106,86,194,121
76,81,252,151
51,21,227,91
6,66,131,116
106,101,247,171
226,96,296,131
76,116,151,166
36,131,212,201
171,1,312,142
91,81,241,131
61,11,149,46
86,151,121,186
16,121,51,156
66,126,141,176
156,11,256,111
121,16,246,66
56,141,126,211
106,56,206,106
181,51,287,121
26,36,79,71
196,101,302,171
76,41,164,76
111,71,161,121
46,21,116,56
61,41,167,76
141,121,191,171
126,106,267,176
46,101,152,171
26,71,238,141
76,76,276,176
196,61,271,111
61,106,211,156
51,46,121,116
126,141,276,191
11,176,99,211
51,86,301,186
181,91,281,141
146,71,252,106
176,11,282,46
146,21,199,56
61,91,167,161
31,6,84,41
81,16,169,51
6,51,156,101
271,116,306,151
76,126,252,196
36,41,161,91
216,101,286,171
46,91,196,141
96,66,196,116
231,51,301,121
106,71,159,106
196,111,302,146
56,116,268,186
151,1,201,51
56,71,181,121
96,26,308,96
51,31,192,101
101,16,251,116
81,36,187,106
151,11,186,46
86,41,192,76
51,161,121,196
106,26,318,96
16,16,122,86
31,101,137,171
66,36,116,86
56,61,197,131
101,121,207,156
21,11,171,61
161,81,267,151
96,86,202,121
16,91,166,141
216,96,291,146
86,1,161,51
151,111,292,181
176,11,226,61
106,151,231,201
246,91,316,126
6,146,56,196
186,71,236,121
41,176,76,211
151,6,276,56
211,176,246,211
86,151,236,201
251,86,304,121
91,11,191,111
146,141,199,176
131,26,206,76
46,61,222,131
116,26,151,61
126,101,251,151
156,26,209,61
106,146,194,181
186,76,236,126
166,91,272,126
176,36,229,71
11,156,46,191
61,6,211,106
101,11,251,61
111,61,311,161
176,46,301,96
211,116,317,151
111,126,199,161
136,46,206,116
221,116,271,166
81,41,151,76
56,16,206,66
221,36,274,71
191,106,297,141
41,86,191,186
126,36,214,71
166,61,216,111
236,166,289,201
6,146,81,196
166,41,266,91
201,6,307,41
96,71,196,121
21,56,121,156
11,91,81,161
101,146,171,181
146,41,246,91
96,91,237,161
261,91,314,126
6,21,156,71
186,86,274,121
41,41,116,91
21,86,127,156
136,56,206,91
