236,86,271,121
21,51,127,121
26,56,276,156
56,51,162,121
171,66,271,116
71,126,141,161
31,111,101,146
31,71,137,106
21,126,74,161
51,121,157,191
166,161,219,196
201,136,289,171
66,51,191,101
11,31,211,131
86,31,286,131
106,111,247,181
36,91,136,141
196,41,296,91
196,86,231,121
76,51,217,192
36,121,111,171
21,146,146,196
56,71,206,121
176,156,229,191
61,106,96,141
96,96,272,166
116,91,266,191
191,56,291,106
26,176,114,211
106,171,212,206
71,141,177,176
231,36,301,71
111,61,287,131
191,156,266,206
181,156,281,206
81,136,187,206
11,66,81,136
56,76,131,126
121,66,271,166
6,41,206,141
176,96,264,131
211,121,317,156
196,51,296,151
96,116,202,186
141,41,282,182
161,86,211,136
51,96,227,166
16,106,104,141
186,101,292,171
206,116,294,151
141,46,317,116
31,61,106,111
96,101,221,151
41,46,141,146
176,86,264,121
26,126,114,161
106,86,282,156
191,146,279,181
116,36,166,86
166,151,254,186
96,31,166,66
1,141,71,211
196,66,284,101
16,86,266,186
136,66,286,166
116,141,222,211
221,61,291,131
66,161,172,196
21,26,162,167
16,106,192,176
96,41,171,91
96,91,146,141
256,146,309,181
201,46,251,96
121,131,156,166
216,101,304,136
51,86,251,186
1,161,51,211
36,66,136,166
191,121,261,191
41,111,129,146
21,156,56,191
71,66,141,136
246,76,316,111
81,161,169,196
86,41,227,111
46,66,116,101
136,36,277,106
106,81,206,131
96,136,202,171
146,111,271,161
86,91,139,126
176,106,301,156
221,66,296,116
206,146,256,196
156,106,226,141
76,91,226,191
61,61,186,111
256,56,309,91
101,76,201,126
136,126,206,161
81,106,151,176
191,126,244,161
56,161,131,211
96,121,166,156
216,156,304,191
101,31,154,66
46,66,296,166
206,56,312,91
91,136,166,186
56,51,156,151
16,41,216,141
76,66,226,166
81,71,222,212
101,81,313,151
86,126,121,161
36,121,161,171
216,116,304,151
71,66,106,101
101,36,251,136
41,106,129,141
221,81,291,151
56,21,268,162
141,31,211,101
106,136,181,186
216,56,266,106
1,46,283,187
171,31,206,66
111,31,236,81
6,46,147,187
31,111,106,161
191,111,291,161
6,121,131,171
196,56,302,91
71,86,171,186
261,101,314,136
161,41,267,111
86,31,236,131
71,176,124,211
166,41,307,182
146,36,252,71
26,101,176,151
36,91,248,161
66,126,101,161
161,96,311,196
251,126,286,161
41,111,91,161
171,26,241,96
56,131,91,166
156,71,226,141
16,106,122,176
81,141,187,176
146,146,216,181
81,101,281,201
1,136,151,186
111,31,261,81
181,136,216,171
91,131,197,201
151,136,276,186
181,141,287,176
116,156,166,206
206,86,256,136
76,86,276,186
106,121,256,171
6,106,156,156
61,56,211,106
11,71,81,141
161,156,214,191
146,86,246,186
6,71,112,141
81,106,231,156
151,106,251,206
61,136,161,186
131,91,281,191
86,31,192,66
6,111,131,161
41,136,191,186
1,36,251,136
156,61,306,161
76,66,252,136
101,56,251,106
26,76,276,176
21,111,121,211
186,31,256,101
86,51,192,121
31,46,131,96
56,76,126,111
56,126,156,176
206,136,276,171
81,71,181,171
156,46,306,146
126,141,226,191
71,71,146,121
161,116,267,151
6,66,81,116
266,81,319,116
36,66,318,207
161,106,231,176
186,51,292,86
56,21,197,162
81,121,206,171
131,51,272,121
186,51,221,86
196,101,271,151
241,156,294,191
111,101,161,151
236,71,289,106
51,51,121,86
141,41,241,141
91,31,161,101
121,76,271,176
196,156,249,191
71,121,141,191
216,156,291,206
106,121,141,156
86,61,236,111
176,41,246,111
126,86,276,136
26,101,114,136
126,146,201,196
71,151,146,201
141,46,266,96
216,91,316,191
36,51,106,121
21,71,162,141
151,161,201,211
221,46,296,96
111,41,287,111
186,151,274,186
91,151,179,186
6,121,112,156
46,41,96,91
66,141,278,211
71,51,247,121
46,126,152,196
56,66,162,101
81,121,134,156
221,121,291,191
236,151,271,186
41,96,91,146
206,71,312,141
66,66,136,136
121,131,271,181
36,171,124,206
201,146,307,181
16,116,228,186
186,121,261,171
281,61,316,96
131,56,201,91
26,166,79,201
26,161,61,196
31,76,207,146
211,66,261,116
276,41,311,76
111,106,161,156
76,136,252,206
76,101,126,151
121,141,209,176
196,81,246,131
56,61,156,161
151,81,251,181
146,121,252,191
6,81,41,116
11,66,223,207
91,56,141,106
106,141,156,191
106,51,318,192
171,141,206,176
21,111,91,146
186,76,239,111
26,96,238,166
111,101,186,151
81,31,187,66
196,161,266,196
36,71,186,121
66,121,216,171
101,101,313,171
16,161,51,196
126,111,179,146
61,31,167,66
176,36,276,136
176,106,226,156
201,116,251,166
51,36,251,136
136,166,189,201
21,66,162,136
121,41,156,76
201,141,307,211
81,96,151,166
66,126,207,196
206,51,294,86
86,111,192,146
136,121,261,171
31,36,243,106
156,76,256,176
206,91,312,161
166,86,272,121
161,131,267,201
186,126,292,161
81,86,293,156
196,36,302,106
221,81,296,131
136,81,277,151
151,51,301,101
191,61,297,131
86,136,211,186
56,91,106,141
246,61,296,111
21,21,233,162
41,141,111,176
111,126,217,161
61,136,211,186
181,61,281,161
136,81,186,131
126,131,196,166
151,126,301,176
126,81,251,131
186,136,221,171
16,96,69,131
141,76,211,146
41,86,116,136
6,46,218,116
156,51,297,192
191,81,244,116
181,26,231,76
111,91,164,126
166,46,307,187
186,86,221,121
51,106,126,156
126,106,302,176
131,46,281,96
126,166,179,201
101,46,207,116
21,111,56,146
21,141,74,176
166,76,316,126
136,131,186,181
21,56,162,197
211,146,264,181
61,81,167,151
21,36,197,106
96,31,149,66
211,86,299,121
126,161,276,211
41,96,111,131
91,126,166,176
221,106,271,156
196,51,302,121
51,66,157,101
196,86,246,136
211,111,311,161
216,131,269,166
16,86,51,121
71,171,159,206
41,56,253,126
136,46,171,81
231,76,306,126
126,126,161,161
111,41,181,111
166,41,272,76
131,31,231,81
41,146,94,181
196,61,246,111
246,51,299,86
66,116,141,166
231,31,319,66
66,31,136,101
46,76,196,176
151,31,292,101
21,96,74,131
96,116,146,166
26,131,151,181
66,46,216,96
216,111,286,146
31,46,172,187
201,116,236,151
171,71,271,171
61,51,202,121
126,31,226,131
131,86,281,186
36,151,186,201
16,151,91,201
51,126,101,176
206,31,312,66
231,81,284,116
26,141,101,191
31,51,81,101
81,36,231,86
141,126,241,176
56,141,126,176
101,76,207,146
76,26,217,167
231,156,266,191
51,101,301,201
96,31,272,101
56,141,181,191
156,101,306,201
101,56,277,126
176,26,211,61
11,46,261,146
41,81,141,181
1,101,177,171
56,86,156,136
101,86,313,156
151,51,257,121
156,36,231,86
61,106,161,206
11,106,187,176
186,41,292,76
1,1,107,36
6,1,76,36
11,1,64,36
1,16,54,51
21,1,91,36
76,1,111,36
26,1,61,36
16,1,51,36
11,1,81,36
1,31,36,66
11,11,46,46
1,1,89,36
21,6,56,41
1,11,51,61
16,6,51,41
21,1,56,36
6,1,41,36
11,21,46,56
61,1,114,36
6,1,94,36
6,6,41,41
21,1,109,36
76,6,111,41
1,6,36,41
26,1,114,36
81,1,116,36
1,16,51,66
1,26,36,61
6,1,59,36
61,1,96,36
11,1,99,36
16,26,51,61
6,11,59,46
41,1,111,36
11,1,117,36
6,31,41,66
16,16,51,51
6,11,41,46
1,1,71,36
1,1,54,36
66,1,101,36
66,6,101,41
16,1,69,36
11,1,46,36
1,11,36,46
6,6,56,56
1,6,54,41
26,1,96,36
1,16,36,51
6,26,41,61
36,1,106,36
1,1,36,36
6,1,112,36
6,1,56,51
1,21,36,56
31,1,101,36
16,1,104,36
11,16,46,51
1,6,51,56
11,6,46,41
6,6,59,41
56,1,109,36
16,1,86,36
11,26,46,61
1,36,36,71
1,6,107,41
71,6,106,41
16,11,51,46
6,21,41,56
6,16,41,51
11,31,46,66
1,11,54,46
1,21,54,56
16,21,51,56
1,1,51,51
71,1,106,36
