231,121,266,156
116,171,169,206
51,131,139,166
211,161,317,196
216,126,286,196
11,146,46,181
16,161,91,211
256,151,306,201
106,161,194,196
1,161,89,196
76,151,151,201
41,136,147,206
6,126,156,176
151,156,226,206
151,146,239,181
16,116,69,151
11,141,81,211
31,126,66,161
81,121,131,171
141,161,176,196
56,146,206,196
241,156,276,191
16,131,116,181
46,136,81,171
21,146,146,196
6,171,94,206
121,166,209,201
206,131,276,201
21,161,71,211
81,141,116,176
16,141,192,211
86,161,211,211
221,126,291,161
76,166,111,201
21,131,162,201
66,146,141,196
91,141,241,191
221,171,309,206
41,111,91,161
41,156,129,191
161,156,267,191
126,151,201,201
56,136,232,206
71,171,141,206
181,156,256,206
106,161,159,196
211,136,261,186
6,146,59,181
151,171,257,206
41,166,147,201
196,176,266,211
1,91,51,141
251,136,286,171
71,151,141,186
56,156,162,191
106,131,318,201
76,131,129,166
56,131,181,181
91,141,161,176
261,176,314,211
81,121,116,156
66,166,136,201
36,141,136,191
111,156,181,191
266,156,319,191
11,116,46,151
176,141,301,191
71,141,106,176
96,166,149,201
76,166,164,201
146,176,181,211
91,166,197,201
216,126,291,176
31,171,101,206
196,156,231,191
36,136,212,206
211,131,246,166
241,151,316,201
51,136,104,171
131,161,206,211
211,161,281,196
201,146,276,196
241,151,276,186
151,156,276,206
71,126,141,161
221,136,256,171
251,161,301,211
261,136,311,186
86,146,192,181
201,171,236,206
1,151,54,186
11,156,81,191
176,166,264,201
51,131,157,201
51,156,101,206
256,116,309,151
66,156,101,191
86,126,136,176
106,141,156,191
11,141,117,176
61,116,131,186
246,131,281,166
141,161,211,196
191,161,226,196
171,176,259,211
211,106,311,206
141,141,194,176
16,156,91,206
76,136,129,171
206,136,312,171
1,141,142,211
196,141,246,191
251,106,301,156
206,171,259,206
111,141,181,176
226,131,276,181
51,146,157,181
61,151,161,201
201,156,301,206
256,106,291,141
261,171,314,206
21,141,197,211
141,171,211,206
106,141,194,176
181,171,287,206
141,146,191,196
1,116,36,151
16,151,91,201
236,161,286,211
46,151,121,201
186,161,221,196
36,126,124,161
246,111,316,146
36,131,248,201
26,106,61,141
11,111,86,161
21,126,121,176
261,111,311,161
21,136,91,206
1,141,213,211
176,151,211,186
251,161,286,196
161,146,211,196
41,161,191,211
171,141,296,191
41,166,111,201
6,156,106,206
181,151,231,201
11,141,152,211
26,146,132,181
46,146,116,181
181,136,287,206
166,151,272,186
161,151,267,186
186,156,274,191
121,156,221,206
231,126,301,196
96,166,184,201
31,146,84,181
36,121,111,171
236,151,289,186
31,111,101,181
141,156,229,191
181,156,269,191
96,146,149,181
266,151,319,186
216,161,251,196
71,151,121,201
111,161,236,211
236,151,306,186
46,116,121,166
91,146,141,196
31,116,106,166
186,166,274,201
241,141,311,176
6,156,76,191
261,161,314,196
61,151,211,201
61,171,114,206
46,146,171,196
71,121,106,156
136,146,236,196
171,166,224,201
226,136,276,186
21,131,127,201
266,176,301,211
231,136,284,171
71,121,124,156
6,111,112,181
261,126,296,161
26,121,96,191
246,121,316,191
256,126,306,176
226,146,261,181
46,166,134,201
131,146,184,181
236,141,306,176
46,176,134,211
131,146,181,196
156,141,244,176
136,151,171,186
126,151,276,201
11,116,81,186
61,141,131,176
31,111,66,146
271,146,306,181
61,176,167,211
216,146,266,196
81,151,181,201
226,146,276,196
86,166,121,201
171,136,241,206
91,151,216,201
56,166,126,201
221,171,291,206
106,151,181,201
221,156,271,206
196,151,246,201
126,146,214,181
61,141,149,176
61,161,114,196
106,151,206,201
161,136,231,206
271,136,306,171
71,1,124,36
51,11,192,81
16,31,51,66
186,31,239,66
191,26,261,61
106,51,176,86
201,41,289,76
176,6,246,76
106,16,231,66
211,41,299,76
181,46,269,81
51,26,176,76
151,1,251,51
176,6,301,56
186,16,292,86
201,6,289,41
161,41,267,76
186,1,261,51
166,41,201,76
136,41,242,76
116,6,241,56
171,21,241,56
66,21,119,56
51,16,151,66
236,16,289,51
216,1,291,51
16,21,104,56
106,31,231,81
156,1,191,36
141,36,194,71
196,21,231,56
26,11,126,61
111,31,199,66
221,46,256,81
41,31,111,66
121,26,191,61
71,6,177,41
51,6,263,76
31,21,84,56
76,6,252,76
96,31,166,66
141,51,247,86
171,11,271,61
36,26,111,76
76,1,182,71
141,26,291,76
156,36,262,71
81,11,181,61
131,31,184,66
211,6,286,56
116,6,191,56
11,16,46,51
46,11,258,81
6,21,56,71
206,36,294,71
46,1,116,36
91,36,197,71
266,16,316,66
66,16,242,86
96,6,131,41
186,16,261,66
21,11,96,61
191,11,226,46
66,26,136,61
176,16,276,66
6,11,156,61
161,46,231,81
46,21,134,56
221,16,274,51
16,16,166,66
51,21,86,56
71,11,146,61
201,21,289,56
81,1,156,51
126,26,214,61
66,31,136,66
76,36,146,71
256,6,306,56
146,46,252,81
36,16,142,86
176,1,211,36
11,11,61,61
156,31,206,81
131,31,201,66
161,11,231,81
106,36,212,71
76,6,288,76
126,51,179,86
61,16,96,51
186,16,256,86
11,1,161,51
11,16,152,86
41,6,129,41
46,1,121,51
26,11,132,81
201,1,301,51
266,26,316,76
201,11,276,61
101,16,207,51
156,36,256,86
91,16,197,86
181,31,256,81
116,11,257,81
151,41,221,76
101,16,277,86
241,31,294,66
151,6,251,56
6,41,112,76
36,6,106,76
96,6,166,41
76,46,146,81
76,11,111,46
91,1,191,51
201,16,254,51
136,6,286,56
136,1,236,51
1,26,71,61
91,1,179,36
176,16,317,86
151,21,251,71
106,21,247,91
236,31,286,81
96,21,171,71
141,16,211,86
11,26,46,61
131,11,206,61
216,16,286,51
226,21,314,56
166,36,236,71
131,51,184,86
201,21,236,56
181,21,251,56
186,11,236,61
156,6,281,56
26,11,79,46
251,6,286,41
156,21,306,71
161,1,214,36
166,26,201,61
41,6,147,41
26,1,79,36
96,41,149,76
156,46,262,81
26,21,79,56
66,36,119,71
46,11,171,61
71,1,106,36
86,46,139,81
86,41,156,76
236,26,306,61
216,11,269,46
46,11,187,81
156,26,231,76
206,21,306,71
251,11,301,61
126,6,161,41
161,11,214,46
51,16,101,66
136,11,224,46
111,21,199,56
116,11,151,46
81,26,206,76
126,6,196,76
151,16,239,51
1,31,36,66
201,41,236,76
176,21,246,56
181,16,231,66
146,36,252,71
31,11,243,81
56,16,126,51
66,26,101,61
171,31,271,81
186,46,256,81
51,26,104,61
41,11,94,46
121,11,191,46
131,31,219,66
106,46,194,81
56,41,162,76
181,36,251,71
11,11,81,81
51,31,157,66
136,16,261,66
236,6,306,76
181,31,281,81
196,1,271,51
166,16,236,86
101,16,251,66
1,11,107,81
226,26,276,76
111,31,146,66
21,6,74,41
226,26,279,61
81,71,151,106
121,111,174,146
71,76,171,126
151,71,221,141
51,71,86,106
81,91,187,126
126,101,201,151
156,86,191,121
126,81,232,116
101,91,176,141
146,111,181,146
111,96,199,131
156,86,206,136
141,76,229,111
91,76,241,126
61,71,186,121
126,81,196,151
116,101,222,136
91,76,191,126
166,91,236,126
121,81,246,131
66,86,101,121
111,86,164,121
111,96,181,131
111,76,161,126
16,76,51,111
21,86,127,121
131,76,166,111
186,101,221,136
166,86,219,121
141,106,176,141
131,86,206,136
71,71,221,121
51,81,157,116
161,81,214,116
166,86,241,136
131,96,181,146
81,76,131,126
61,71,149,106
106,101,212,136
141,106,229,141
51,81,104,116
186,106,221,141
56,76,162,111
111,91,186,141
141,86,191,136
136,86,211,136
31,76,137,111
116,111,169,146
166,106,236,141
61,76,131,111
66,76,141,126
56,86,109,121
151,101,221,136
61,66,96,101
66,91,154,126
166,86,201,121
181,91,231,141
66,71,216,121
21,81,109,116
131,81,219,116
91,91,216,141
71,71,141,106
141,111,194,146
166,101,201,136
136,86,224,121
131,96,256,146
181,81,231,131
121,101,246,151
161,91,249,126
56,86,91,121
106,76,247,146
151,86,257,121
111,81,211,131
131,91,206,141
41,81,76,116
191,106,226,141
206,106,241,141
141,96,229,131
76,86,226,136
