216,11,291,61
211,26,317,61
191,81,297,151
221,86,274,121
276,106,311,141
211,21,311,71
211,96,311,196
236,81,306,151
246,86,299,121
271,31,306,66
221,56,309,91
231,151,319,186
206,161,281,211
181,141,216,176
191,76,316,126
211,116,311,166
241,41,311,111
191,131,297,166
236,136,286,186
51,1,121,36
156,106,256,206
156,161,206,211
191,76,291,176
226,81,296,151
171,121,246,171
181,146,269,181
166,6,236,41
226,156,296,191
246,131,296,181
56,6,144,41
241,176,294,211
191,126,241,176
151,166,221,201
156,141,262,211
196,76,296,176
211,11,317,81
256,56,291,91
171,126,277,196
236,21,271,56
156,136,226,206
56,6,162,41
206,176,276,211
251,121,304,156
271,101,306,136
266,91,316,141
196,16,296,66
186,121,274,156
191,101,297,136
206,151,276,186
186,1,274,36
211,101,261,151
231,6,266,41
181,96,306,146
236,126,289,161
156,131,262,166
216,11,286,81
271,1,306,36
211,46,311,146
191,101,291,201
161,121,231,156
221,46,291,81
231,31,284,66
176,131,211,166
231,36,284,71
211,6,281,76
176,131,246,201
126,6,196,41
256,111,309,146
181,141,287,211
151,141,226,191
201,16,236,51
211,106,281,141
251,1,304,36
246,61,316,131
231,41,306,91
106,1,212,36
196,171,231,206
201,96,301,146
236,146,271,181
211,106,264,141
266,76,319,111
176,121,246,191
186,1,311,51
246,36,281,71
251,76,286,111
221,31,291,101
201,76,307,111
176,166,246,201
241,131,311,201
221,76,296,126
191,66,297,136
116,6,186,41
166,111,272,146
186,131,311,181
206,76,241,111
171,136,277,206
231,46,266,81
81,6,187,41
176,176,211,211
166,106,316,156
281,36,316,71
266,121,301,156
201,76,307,146
226,101,296,171
171,136,206,171
221,16,274,51
256,176,309,211
206,131,276,201
181,141,234,176
201,11,307,81
166,11,254,46
211,71,299,106
271,61,306,96
211,126,286,176
131,6,166,41
156,1,226,36
191,51,291,151
176,116,229,151
251,31,301,81
196,136,302,206
216,11,251,46
181,81,281,181
261,16,296,51
171,146,296,196
251,76,304,111
101,11,154,46
266,161,316,211
191,11,291,61
196,126,266,196
211,26,286,76
66,1,119,36
216,91,286,126
196,36,296,136
156,126,262,196
216,61,316,161
61,6,149,41
186,136,261,186
266,86,316,136
191,1,279,36
206,81,259,116
206,26,306,76
236,96,271,131
216,6,269,41
276,141,311,176
161,1,267,36
191,71,261,141
201,96,236,131
226,121,301,171
196,146,302,181
246,126,316,196
216,121,291,171
161,91,311,191
236,151,306,186
206,141,312,211
101,1,171,36
166,146,216,196
201,116,276,166
216,106,316,156
176,76,317,146
151,156,301,206
176,146,251,196
11,1,61,51
146,146,296,196
71,1,124,36
171,111,221,161
6,91,41,126
216,101,286,171
196,66,302,136
6,46,41,81
166,166,201,201
241,16,294,51
221,61,271,111
211,6,311,106
181,1,234,36
191,126,297,196
206,146,294,181
201,111,301,211
171,136,224,171
156,1,244,36
256,31,291,66
191,136,291,186
161,136,267,171
201,1,307,36
71,1,177,36
251,151,286,186
161,126,311,176
181,161,281,211
276,116,311,151
221,86,309,121
171,6,259,41
206,166,241,201
251,21,301,71
181,81,287,151
6,6,76,41
256,46,291,81
146,166,234,201
196,106,266,141
246,126,316,161
221,61,309,96
196,166,266,201
181,101,251,136
1,6,54,41
206,96,306,146
221,136,274,171
241,46,311,116
226,136,296,206
196,131,284,166
201,106,236,141
171,156,224,191
216,136,269,171
206,121,312,156
266,141,319,176
186,161,256,196
171,141,296,191
181,96,234,131
211,146,246,181
211,26,281,61
266,16,316,66
161,161,196,196
186,101,292,136
216,76,291,126
231,96,284,131
221,46,309,81
236,101,306,171
206,81,306,181
201,101,301,201
191,116,266,166
161,141,231,211
226,166,296,201
201,116,289,151
166,131,266,181
226,121,296,156
206,166,312,201
166,151,316,201
1,36,54,71
226,86,314,121
236,26,271,61
276,131,311,166
276,126,311,161
191,111,266,161
251,91,301,141
156,151,256,201
1,1,89,36
151,1,257,36
171,136,312,206
176,101,282,171
226,36,296,71
211,76,317,111
251,166,304,201
226,111,279,146
211,136,317,206
211,71,281,106
231,121,266,156
261,121,296,156
201,131,307,201
201,81,271,116
236,6,306,76
191,111,297,181
206,111,276,146
221,16,271,66
171,151,224,186
151,156,276,206
181,106,234,141
211,106,281,176
256,151,291,186
241,101,294,136
196,6,302,41
186,61,286,161
241,56,311,91
161,126,302,196
236,16,306,51
216,26,286,61
196,121,302,191
201,121,289,156
191,106,297,176
211,156,246,191
201,66,289,101
186,126,274,161
11,101,46,136
226,46,261,81
216,21,286,91
171,146,246,196
6,11,59,46
76,11,182,46
251,1,286,36
106,1,194,36
201,36,301,136
161,111,267,181
261,156,314,191
211,116,299,151
161,101,267,171
206,16,294,51
166,131,241,181
241,121,311,191
136,176,224,211
201,86,254,121
201,31,307,101
156,131,281,181
226,101,296,136
61,6,114,41
16,1,122,36
201,146,289,181
246,121,316,156
151,1,251,51
196,116,284,151
161,71,302,212
81,1,187,36
241,76,276,111
201,6,271,76
96,6,184,41
226,41,261,76
231,81,306,131
196,141,266,211
211,106,299,141
251,26,286,61
191,81,291,181
251,71,286,106
241,141,276,176
216,16,316,116
281,81,316,116
181,151,287,186
161,131,236,181
241,156,316,206
181,101,281,151
181,111,256,161
211,111,317,181
206,141,281,191
126,11,179,46
196,121,266,191
256,66,309,101
161,121,249,156
216,91,269,126
171,111,277,181
241,16,311,86
186,91,274,126
186,151,311,201
196,101,246,151
221,106,296,156
181,116,216,151
156,146,191,181
111,1,261,51
241,136,276,171
261,141,296,176
186,101,286,201
236,6,311,56
266,166,301,201
176,136,211,171
176,6,211,41
91,86,191,136
91,116,179,151
46,101,152,136
46,106,121,156
61,106,96,141
56,76,144,111
66,96,172,131
116,46,191,96
81,101,116,136
71,121,141,156
111,121,161,171
101,56,171,91
76,101,182,136
66,76,166,126
56,51,109,86
96,51,149,86
46,46,146,96
81,86,156,136
61,116,167,151
66,81,191,131
56,91,126,161
111,61,217,96
61,71,131,106
61,96,131,166
51,111,86,146
111,111,161,161
66,111,136,146
46,71,146,121
91,121,161,191
106,136,159,171
71,91,141,126
56,51,126,121
56,71,162,141
81,41,181,141
56,56,131,106
61,96,149,131
71,86,146,136
41,76,111,146
106,96,181,146
106,76,176,146
81,61,187,131
76,116,146,151
56,116,126,151
121,66,191,101
76,136,164,171
71,126,146,176
81,141,116,176
96,111,166,146
76,51,182,86
106,141,156,191
51,31,151,131
56,121,126,156
96,126,131,161
111,61,186,111
71,116,141,186
81,136,156,186
111,46,164,81
51,51,151,151
96,121,166,156
96,51,131,86
46,101,146,151
151,61,204,96
81,141,134,176
126,41,179,76
101,136,154,171
81,36,181,136
96,51,196,151
91,86,166,136
46,56,121,106
71,126,121,176
116,71,204,106
86,66,161,116
91,111,141,161
101,56,136,91
106,56,176,126
111,41,211,91
46,71,116,141
61,126,114,161
71,41,171,91
41,61,111,131
106,91,194,126
36,116,124,151
131,131,166,166
46,66,99,101
46,81,116,151
96,86,171,136
86,96,156,131
116,66,222,101
56,126,126,161
121,76,174,111
86,46,211,96
86,106,174,141
81,61,156,111
71,76,106,111
56,46,197,116
46,86,152,156
41,126,141,176
121,46,196,96
106,46,212,81
56,46,106,96
61,51,149,86
81,76,156,126
66,91,141,141
91,81,161,116
141,71,191,121
51,41,201,141
111,61,211,111
111,81,186,131
76,121,129,156
41,91,94,126
66,56,136,126
96,56,196,106
61,81,114,116
111,41,199,76
66,51,166,101
101,66,171,136
86,91,174,126
71,56,177,91
41,121,76,156
71,96,106,131
61,41,149,76
91,56,166,106
41,111,147,181
81,81,156,131
66,101,172,136
46,46,196,146
126,51,232,86
126,56,176,106
51,46,157,81
86,66,139,101
91,66,197,101
71,141,124,176
56,51,162,86
76,126,146,161
66,111,116,161
81,121,169,156
91,46,197,81
36,106,161,156
111,61,181,96
71,41,146,91
161,41,231,76
56,116,162,151
71,46,106,81
166,66,219,101
116,86,186,121
101,76,189,111
71,91,124,126
51,51,101,101
106,76,176,111
71,81,177,116
46,61,146,161
