236,176,289,211
1,86,36,121
261,171,314,206
246,171,281,206
236,146,289,181
146,176,181,211
251,141,304,176
266,106,301,141
126,161,179,196
111,171,146,206
136,176,206,211
126,151,196,186
1,56,51,106
246,126,281,161
226,136,276,186
271,121,306,156
236,121,306,191
191,176,279,211
146,176,252,211
1,101,51,151
276,171,311,206
256,126,306,176
241,131,311,201
126,161,201,211
6,126,76,196
241,156,294,191
226,156,279,191
256,161,309,196
251,161,304,196
281,121,316,156
111,146,181,181
266,121,319,156
266,146,319,181
6,151,76,186
111,176,217,211
96,176,149,211
111,161,199,196
236,116,311,166
6,61,41,96
21,81,56,116
6,151,41,186
121,156,171,206
16,141,66,191
231,131,301,201
231,131,319,166
21,171,74,206
266,176,301,211
116,161,191,211
1,141,71,211
146,176,199,211
231,136,301,206
216,171,269,206
241,101,311,171
101,161,201,211
241,156,276,191
41,176,76,211
261,136,296,171
1,171,36,206
116,156,166,206
111,171,199,206
266,76,301,111
21,141,56,176
256,131,291,166
236,121,306,156
6,106,59,141
111,151,199,186
241,146,291,196
6,136,56,186
116,176,222,211
111,141,161,191
196,176,284,211
216,176,269,211
121,161,174,196
151,136,186,171
1,126,71,161
116,151,169,186
1,141,76,191
26,161,76,211
1,116,71,151
11,131,46,166
216,161,266,211
256,146,306,196
266,86,301,121
241,161,316,211
121,141,174,176
226,151,261,186
126,176,214,211
1,66,51,116
241,171,294,206
11,116,61,166
266,146,316,196
121,146,174,181
256,121,309,156
141,176,247,211
141,166,194,201
246,156,296,206
241,111,311,181
151,146,186,181
266,101,319,136
6,161,41,196
236,151,286,201
251,166,304,201
106,171,194,206
256,101,291,136
266,151,301,186
221,161,291,196
226,171,279,206
276,151,311,186
1,66,54,101
266,121,316,171
141,161,176,196
1,96,54,131
1,151,54,186
261,111,311,161
16,111,66,161
131,156,181,206
256,146,291,181
281,111,316,146
116,176,169,211
101,166,189,201
266,171,319,206
246,146,316,181
266,106,319,141
116,151,186,186
141,146,191,196
216,161,286,196
221,171,309,206
16,126,66,176
6,71,59,106
256,101,306,151
16,176,51,211
236,156,286,206
26,151,76,201
6,131,41,166
146,151,181,186
111,146,199,181
226,171,296,206
131,146,184,181
231,126,281,176
21,176,74,211
226,131,276,181
146,171,181,206
236,146,306,181
261,131,314,166
26,156,76,206
236,136,271,171
246,126,316,161
256,136,291,171
266,66,316,116
1,151,71,186
131,151,184,186
156,141,191,176
256,101,309,136
11,66,46,101
21,116,71,166
271,171,306,206
261,116,314,151
276,136,311,171
251,171,286,206
226,176,261,211
231,141,301,176
131,176,166,211
211,166,317,201
221,141,296,191
266,96,316,146
1,176,71,211
216,161,304,196
231,171,284,206
246,131,316,201
26,166,61,201
241,116,316,166
251,111,286,146
281,106,316,141
241,166,311,201
261,116,296,151
261,86,314,121
251,136,301,186
211,141,317,211
221,171,274,206
231,151,266,186
236,136,311,186
116,161,151,196
226,136,261,171
251,106,304,141
256,171,291,206
241,141,311,176
216,176,304,211
96,171,184,206
26,161,61,196
241,151,276,186
246,111,299,146
261,111,314,146
241,171,311,206
106,151,181,201
21,166,56,201
101,176,136,211
136,176,242,211
111,141,146,176
266,131,316,181
106,156,181,206
11,101,46,136
26,116,61,151
246,151,316,186
226,161,314,196
241,131,294,166
256,166,309,201
231,146,301,181
11,86,46,121
221,141,291,211
11,146,46,181
271,116,306,151
21,126,71,176
256,146,309,181
16,91,66,141
11,156,64,191
101,156,176,206
241,171,276,206
236,126,271,161
231,166,301,201
246,91,316,161
251,156,304,191
256,136,309,171
116,141,186,176
116,136,186,171
231,126,306,176
11,161,64,196
1,106,71,176
256,156,306,206
131,166,166,201
1,101,54,136
126,176,161,211
1,66,36,101
246,161,281,196
281,151,316,186
116,171,151,206
1,156,54,191
16,146,51,181
256,151,306,201
106,156,176,191
1,111,51,161
141,161,194,196
6,81,56,131
116,161,186,196
256,106,291,141
1,161,71,196
111,171,181,206
201,176,289,211
261,101,311,151
241,136,311,171
151,21,201,71
46,31,187,101
16,51,91,101
76,36,146,106
211,26,264,61
71,66,177,136
86,61,211,111
191,16,297,86
181,31,251,101
56,76,126,111
91,71,241,121
136,31,261,81
116,86,169,121
51,66,263,136
131,96,206,146
86,26,236,126
131,36,237,71
146,16,216,51
106,26,194,61
156,16,206,66
206,36,259,71
141,6,266,56
11,31,64,66
71,76,124,111
71,31,283,101
121,21,221,71
146,21,271,71
161,16,236,66
61,76,114,111
101,51,251,101
206,16,306,66
111,86,161,136
166,26,254,61
121,26,297,96
101,11,242,152
126,106,179,141
1,11,107,81
41,81,147,116
221,26,271,76
156,31,244,66
131,96,231,146
161,66,214,101
151,61,276,111
36,16,248,86
196,16,302,86
1,1,213,71
186,21,221,56
221,66,271,116
256,6,291,41
191,21,261,56
166,36,201,71
91,26,166,76
211,66,246,101
201,26,251,76
206,11,281,61
101,6,136,41
76,36,176,86
76,66,226,116
131,16,231,66
206,46,281,96
81,16,222,86
86,76,211,126
131,16,281,116
71,46,271,146
86,26,262,96
136,16,261,66
121,66,171,116
66,61,101,96
156,36,281,86
56,6,156,106
216,21,304,56
196,21,266,91
111,6,261,106
156,66,226,101
16,56,104,91
161,36,286,86
121,41,171,91
146,21,296,71
156,91,209,126
81,111,116,146
66,61,191,111
181,96,251,131
81,1,293,71
196,41,266,76
36,6,124,41
166,31,272,66
121,21,297,91
46,56,116,126
56,46,106,96
226,86,261,121
116,1,241,51
51,16,176,66
46,56,152,91
31,6,181,56
66,1,278,142
131,6,231,56
91,31,291,131
6,31,106,81
226,81,261,116
101,16,189,51
146,46,287,116
191,36,261,71
121,81,271,131
66,36,141,86
6,26,206,126
121,31,297,101
101,81,207,116
151,51,257,121
36,46,236,146
86,6,227,147
146,1,271,51
126,51,176,101
121,1,191,71
96,71,202,106
66,31,136,101
36,61,111,111
1,6,71,41
136,51,236,151
156,41,281,91
6,36,112,106
181,96,234,131
61,16,131,86
101,41,251,141
6,21,81,71
46,11,134,46
76,16,226,116
171,1,224,36
141,11,291,61
216,41,269,76
21,16,121,66
111,36,186,86
131,26,307,96
86,96,139,131
121,71,156,106
166,31,266,81
46,51,258,121
126,71,226,121
91,11,197,81
16,46,66,96
151,56,251,106
96,46,149,81
111,16,261,66
131,66,184,101
31,41,66,76
136,16,171,51
96,1,237,71
111,36,236,86
86,56,211,106
86,16,139,51
201,116,236,151
86,41,186,141
176,51,251,101
81,16,169,51
191,96,261,131
136,41,186,91
61,76,167,146
26,11,176,61
66,71,172,106
11,21,261,121
136,16,277,86
106,46,156,96
191,1,226,36
181,71,256,121
61,31,167,101
91,6,126,41
121,61,227,131
121,101,191,136
56,71,232,141
11,41,64,76
186,56,236,106
46,86,134,121
186,26,286,126
21,26,127,96
171,56,224,91
26,31,151,81
156,16,256,116
116,36,222,71
116,86,216,136
106,51,141,86
41,26,76,61
146,96,199,131
46,16,99,51
46,26,246,126
1,56,71,91
71,71,177,141
101,1,251,101
91,1,166,51
66,86,136,121
196,81,249,116
46,21,81,56
191,51,261,121
181,51,281,101
26,16,114,51
121,11,262,152
211,16,246,51
96,36,166,71
101,71,151,121
76,11,217,81
206,46,241,81
56,11,91,46
136,91,171,126
111,56,287,126
146,11,216,81
46,41,116,111
166,111,236,146
26,46,61,81
41,1,182,142
56,96,144,131
201,16,254,51
91,46,141,96
101,41,189,76
101,71,176,121
26,26,76,76
146,31,234,66
31,31,231,131
176,11,282,81
16,26,66,76
101,11,226,61
186,81,256,116
121,61,191,131
121,66,174,101
66,6,207,76
231,21,301,56
76,96,146,131
81,31,293,101
181,11,251,81
11,6,136,56
131,46,272,116
106,36,212,106
181,91,234,126
76,51,111,86
81,21,187,91
71,36,141,71
86,56,121,91
96,76,246,126
116,11,169,46
96,31,166,101
41,46,111,81
116,11,204,46
121,16,271,66
21,26,146,76
126,86,179,121
86,21,236,121
66,16,116,66
71,21,159,56
216,1,251,36
31,36,281,136
196,11,249,46
91,76,126,111
181,61,281,111
