81,11,257,81
231,86,266,121
176,76,246,111
216,96,304,131
1,41,71,111
31,151,137,186
126,41,232,111
151,6,221,41
51,141,157,211
246,111,316,181
1,151,151,201
216,1,286,71
66,6,172,41
261,156,296,191
76,16,201,66
81,11,187,81
16,66,66,116
116,36,257,106
176,16,282,51
111,26,261,76
121,161,221,211
181,1,281,101
16,6,266,106
151,6,251,56
106,21,176,91
226,16,276,66
216,26,316,126
91,21,161,56
116,36,266,86
231,136,319,171
56,41,109,76
6,156,81,206
206,61,256,111
51,46,176,96
186,36,286,86
66,6,119,41
151,6,226,56
151,11,201,61
86,6,192,76
36,1,136,51
261,66,311,116
156,16,226,86
46,16,116,86
146,176,252,211
206,36,306,86
266,61,316,111
1,26,107,61
241,126,311,196
81,31,169,66
86,51,211,101
171,141,277,211
26,51,114,86
131,41,231,91
181,176,234,211
146,66,252,101
141,1,291,51
206,6,259,41
201,66,271,101
166,41,266,91
86,161,186,211
131,51,201,86
226,16,279,51
176,6,301,56
186,66,274,101
191,51,261,121
181,6,306,56
216,56,286,126
101,11,154,46
26,11,132,46
21,146,91,181
31,16,106,66
46,166,99,201
181,61,306,111
101,66,171,101
266,36,316,86
261,11,314,46
191,26,261,61
206,91,294,126
206,16,294,51
1,6,251,106
96,41,149,76
46,16,152,86
166,6,236,41
91,31,144,66
226,41,261,76
206,146,306,196
96,11,166,81
31,6,131,56
81,161,181,211
121,66,227,101
1,91,36,126
16,31,86,101
166,11,219,46
36,141,86,191
66,11,154,46
1,11,71,46
121,151,171,201
201,61,307,131
76,16,176,66
121,56,156,91
31,126,66,161
191,161,316,211
256,96,291,131
51,166,121,201
26,176,132,211
276,66,311,101
191,146,279,181
16,36,228,106
51,31,139,66
256,46,309,81
106,156,141,191
141,16,241,116
6,16,218,86
86,21,192,56
146,11,234,46
106,11,212,81
231,96,301,131
181,56,234,91
6,146,56,196
11,146,111,196
151,41,201,91
141,1,229,36
121,16,246,66
106,21,282,91
151,1,257,36
101,31,201,81
256,46,291,81
51,6,139,41
106,166,194,201
186,36,292,71
186,71,261,121
26,141,167,211
36,31,136,81
226,56,279,91
211,71,261,121
246,91,316,126
86,16,139,51
106,11,159,46
191,161,291,211
101,16,189,51
71,141,141,211
196,11,284,46
16,171,86,206
121,26,191,96
216,21,286,56
191,141,316,191
216,46,286,81
51,161,139,196
161,46,267,81
176,31,211,66
56,26,131,76
1,56,89,91
116,31,222,101
156,176,262,211
161,36,231,71
181,6,251,41
56,156,181,206
6,41,59,76
81,161,156,211
66,16,101,51
206,46,276,116
56,16,126,86
171,11,224,46
116,16,186,51
1,151,71,186
106,1,212,71
236,46,271,81
16,141,86,211
106,1,256,51
111,51,199,86
201,46,289,81
46,41,116,76
236,121,286,171
56,176,162,211
46,6,171,56
226,76,279,111
96,161,221,211
176,36,229,71
21,1,197,71
36,1,161,51
36,136,71,171
16,46,116,96
206,36,259,71
26,21,126,71
91,26,232,96
246,136,316,206
51,1,192,71
1,21,71,91
56,31,144,66
41,6,291,106
216,166,304,201
16,36,66,86
91,16,166,66
21,136,74,171
221,91,291,161
16,6,116,56
171,46,206,81
236,66,289,101
166,51,236,86
131,16,307,86
216,16,251,51
216,141,291,191
66,161,166,211
96,1,237,71
21,46,121,96
36,56,71,91
116,6,222,41
241,141,291,191
41,151,116,201
271,81,306,116
86,51,139,86
231,1,281,51
1,131,36,166
126,46,232,81
81,21,231,71
1,91,71,126
246,26,281,61
46,51,152,86
11,21,223,91
41,6,191,106
76,146,146,181
201,31,236,66
106,141,318,211
66,156,154,191
206,31,294,66
56,151,162,186
171,51,241,86
266,116,319,151
181,61,287,96
226,41,301,91
171,31,246,81
96,66,202,101
251,126,301,176
266,46,301,81
256,166,291,201
121,36,209,71
26,141,202,211
31,36,181,86
151,21,292,91
11,146,64,181
131,151,181,201
6,141,41,176
1,1,89,36
21,161,109,196
106,1,247,71
221,91,274,126
126,16,161,51
136,146,261,196
166,46,316,96
16,41,69,76
41,46,191,96
156,71,226,106
231,11,301,46
166,151,272,186
126,16,226,66
101,151,251,201
241,106,294,141
116,61,186,96
6,31,56,81
111,11,211,111
201,76,289,111
191,146,266,196
186,41,292,111
11,161,86,211
51,151,201,201
96,161,184,196
21,46,109,81
196,91,302,126
81,26,293,96
181,161,269,196
11,16,99,51
266,151,301,186
71,21,141,56
196,81,284,116
16,136,91,186
181,146,256,196
11,106,61,156
206,26,306,126
11,111,61,161
176,46,301,96
61,11,131,81
96,16,272,86
26,146,96,181
96,1,202,36
1,6,177,76
231,156,301,191
6,21,182,91
106,56,212,91
16,176,86,211
71,46,124,81
1,36,36,71
126,21,161,56
81,156,206,206
91,16,241,66
86,161,136,211
96,11,221,61
161,36,211,86
1,141,89,176
31,26,207,96
146,21,252,91
21,26,146,76
226,1,279,36
141,71,247,106
106,61,212,96
141,46,241,96
186,11,311,61
161,161,267,196
111,46,186,96
186,76,221,111
101,1,207,71
136,6,236,106
6,1,156,101
231,146,266,181
101,6,277,76
61,1,131,36
141,56,229,91
1,46,54,81
86,16,192,86
46,156,121,206
16,76,66,126
86,176,121,211
71,16,124,51
106,36,212,106
261,126,311,176
171,56,277,91
1,41,101,91
61,51,131,86
231,76,266,111
41,1,111,71
41,146,111,181
121,26,227,61
206,146,312,181
281,41,316,76
216,61,286,96
91,176,197,211
196,31,296,81
111,56,199,91
91,21,179,56
11,136,64,171
156,16,297,86
141,36,229,71
241,136,311,171
111,11,164,46
26,6,96,41
246,41,316,111
161,56,267,91
166,11,307,81
206,6,256,56
61,141,96,176
16,141,166,191
111,11,236,61
121,26,262,96
221,41,296,91
16,11,91,61
16,96,69,131
96,31,184,66
86,31,262,101
61,156,167,191
171,71,224,106
31,6,172,76
281,91,316,126
236,71,271,106
131,46,231,96
266,156,316,206
6,121,56,171
241,111,276,146
246,126,299,161
121,21,171,71
161,51,261,101
96,151,146,201
131,26,201,61
26,176,79,211
206,76,256,126
41,41,94,76
206,51,281,101
36,41,111,91
51,26,101,76
31,141,172,211
36,166,89,201
196,6,302,76
71,21,124,56
241,151,316,201
236,161,286,211
146,6,287,76
41,16,94,51
206,31,312,66
41,146,191,196
6,46,112,81
1,141,107,211
231,1,266,36
66,26,101,61
56,11,162,46
136,21,224,56
26,146,79,181
141,161,247,196
106,46,206,96
96,16,149,51
136,151,224,186
136,16,261,66
271,86,306,121
86,36,161,86
176,41,317,111
201,36,301,86
176,51,282,86
116,11,216,61
56,6,306,106
81,1,131,51
171,51,277,86
256,76,309,111
11,161,161,211
141,6,191,56
216,71,251,106
16,141,122,176
196,66,266,101
161,26,286,76
86,6,186,56
6,11,256,111
156,1,256,51
126,11,196,46
131,66,166,101
6,1,112,36
96,31,146,81
156,146,281,196
91,1,232,71
11,6,261,106
126,66,161,101
136,21,261,71
116,41,204,76
226,151,301,201
231,141,301,211
141,11,282,81
81,31,206,81
81,156,187,191
116,21,241,71
141,176,176,211
51,11,301,111
186,166,292,201
196,71,271,121
91,31,161,101
6,16,182,86
146,61,246,111
76,106,129,141
176,111,211,146
101,86,176,136
101,106,154,141
161,96,211,146
116,96,222,131
71,81,121,131
71,96,196,146
56,86,126,121
91,86,166,136
141,91,194,126
56,86,162,121
146,116,181,151
116,91,191,141
66,106,154,141
126,96,161,131
71,81,141,116
156,101,226,136
96,101,171,151
126,116,232,151
96,101,166,136
141,101,229,136
126,96,214,131
151,91,186,126
71,91,124,126
66,86,119,121
66,96,154,131
81,91,169,126
136,96,206,131
141,101,211,136
116,116,186,151
61,91,111,141
166,101,201,136
136,101,171,136
106,101,141,136
111,96,146,131
106,106,176,141
136,96,211,146
101,111,154,146
66,106,119,141
96,86,184,121
141,96,194,131
141,116,194,151
121,106,227,141
146,106,199,141
106,91,156,141
106,101,156,151
86,86,121,121
126,91,176,141
81,86,131,136
86,91,156,126
71,106,159,141
121,101,227,136
121,101,156,136
71,96,171,146
66,91,141,141
111,86,161,136
136,91,211,141
