51,106,104,141
156,66,256,166
1,101,301,201
166,46,307,187
256,121,309,156
31,121,137,191
26,11,276,111
46,146,96,196
91,136,241,186
86,96,192,131
11,16,111,66
11,46,261,146
136,21,277,91
51,96,192,166
136,31,277,172
101,166,154,201
206,51,256,101
191,41,291,91
71,171,106,206
111,91,186,141
96,66,166,136
41,116,91,166
116,151,186,186
96,16,308,157
6,36,94,71
86,61,227,131
66,96,136,166
76,51,217,121
71,141,221,191
231,111,301,146
131,131,237,166
46,66,187,207
166,161,266,211
6,61,156,161
81,51,281,151
181,76,256,126
181,111,287,146
101,16,207,86
51,141,104,176
61,6,311,106
161,61,249,96
41,131,217,201
26,51,132,121
166,111,316,211
121,136,297,206
46,81,81,116
96,96,221,146
36,86,142,156
176,126,246,196
151,66,226,116
101,61,151,111
76,51,146,121
141,126,211,196
136,41,236,91
96,71,308,141
111,131,146,166
96,101,221,151
51,141,121,211
26,66,167,207
1,76,201,176
16,11,166,111
76,66,201,116
56,86,306,186
31,11,137,81
31,46,243,187
86,101,192,136
196,66,266,101
166,106,307,176
131,56,231,106
6,56,106,156
106,151,156,201
26,61,126,111
216,116,316,166
11,31,211,131
56,91,162,161
16,46,116,146
6,151,131,201
36,31,186,81
146,41,287,111
56,81,109,116
81,86,131,136
131,171,237,206
106,16,247,157
181,146,269,181
96,81,246,131
196,121,296,171
166,131,307,201
31,26,156,76
66,11,207,81
151,126,239,161
126,161,201,211
161,116,231,151
36,6,136,106
106,86,256,186
111,26,311,126
176,121,226,171
11,131,161,181
176,41,301,91
81,76,181,176
116,161,216,211
106,1,318,142
156,91,262,161
146,41,234,76
76,136,164,171
141,116,216,166
11,56,223,126
6,51,218,192
36,46,177,187
6,101,56,151
91,91,291,191
131,151,201,186
236,96,271,131
121,111,156,146
76,91,276,191
76,41,151,91
31,146,119,181
171,41,224,76
116,41,216,91
211,166,299,201
91,81,144,116
26,166,132,201
51,61,126,111
181,21,281,71
206,146,312,181
6,116,112,151
71,86,212,156
71,6,177,76
186,96,239,131
101,86,154,121
51,71,151,121
46,126,152,161
6,56,147,126
201,61,307,131
126,16,276,116
226,96,276,146
41,41,217,111
116,151,166,201
61,86,211,186
141,116,194,151
171,86,241,121
61,6,131,76
171,116,296,166
71,101,271,201
41,31,166,81
111,86,211,136
131,21,231,71
146,161,216,196
96,56,272,126
6,61,147,202
91,31,161,66
26,6,276,106
141,26,282,167
61,46,202,187
231,71,306,121
86,121,139,156
36,121,177,191
101,56,189,91
6,86,94,121
131,56,231,156
36,31,248,172
26,131,114,166
101,86,301,186
11,56,86,106
96,111,184,146
141,86,291,186
21,121,197,191
166,86,236,156
191,86,297,156
211,131,261,181
136,86,242,156
11,31,117,101
256,176,309,211
156,61,306,161
6,141,156,191
26,81,126,181
31,41,172,182
201,141,307,211
46,91,152,126
41,136,111,171
126,151,232,186
266,121,316,171
191,86,316,136
21,31,121,131
41,131,141,181
136,61,189,96
111,126,261,176
11,51,161,151
86,76,211,126
176,76,226,126
231,51,301,121
176,86,282,156
171,36,241,71
1,1,301,201
61,131,161,181
16,26,116,126
31,51,243,121
101,36,171,71
166,96,272,131
201,161,271,196
16,66,141,116
146,26,246,76
1,101,251,201
71,81,141,116
86,31,136,81
56,81,306,181
21,131,121,181
86,136,121,171
136,156,261,206
16,101,91,151
111,41,236,91
31,136,101,206
16,176,104,211
51,101,151,201
171,111,241,181
26,151,101,201
26,41,226,141
76,151,129,186
131,121,219,156
61,66,273,136
56,141,162,211
76,71,276,171
176,86,226,136
81,121,151,191
171,66,271,166
81,126,206,176
26,166,96,201
86,36,236,86
136,1,286,101
116,101,191,151
96,36,202,106
206,91,256,141
46,71,258,212
76,111,176,211
96,131,202,166
186,96,274,131
161,151,214,186
106,106,256,206
11,81,136,131
31,116,81,166
71,106,212,176
51,46,101,96
56,91,144,126
226,131,279,166
51,16,251,116
16,131,116,181
111,71,217,141
71,71,196,121
16,136,122,171
241,136,316,186
156,11,306,111
166,46,219,81
131,46,184,81
231,91,266,126
176,131,317,201
71,176,141,211
21,151,71,201
11,71,211,171
96,156,166,191
36,36,111,86
96,31,184,66
36,126,186,176
1,81,76,131
26,161,79,196
181,121,281,171
56,66,144,101
256,151,306,201
156,81,297,151
61,66,131,136
121,121,271,171
91,131,232,201
151,141,226,191
21,81,171,131
21,166,91,201
141,46,191,96
36,141,136,191
231,131,266,166
191,166,279,201
206,31,312,101
276,156,311,191
136,86,286,186
91,116,126,151
76,141,217,211
176,51,276,101
41,76,241,176
91,41,267,111
136,106,242,141
121,106,297,176
236,91,271,126
141,56,282,126
116,66,222,101
176,171,246,206
176,71,264,106
136,146,206,181
151,31,251,131
71,41,271,141
26,76,79,111
201,16,301,116
41,61,253,202
111,66,164,101
146,26,221,76
186,66,239,101
171,101,296,151
196,86,266,156
51,106,121,176
51,31,227,101
36,36,286,136
91,41,191,141
101,121,251,171
161,136,311,186
166,61,216,111
36,131,106,166
116,111,216,161
201,151,301,201
56,46,156,146
31,111,101,181
166,76,216,126
126,31,201,81
176,81,246,151
41,161,141,211
6,76,94,111
76,136,126,186
1,76,151,126
86,151,192,186
21,56,171,156
41,126,141,176
96,51,202,86
111,26,261,76
131,106,231,156
26,91,132,161
1,81,301,181
66,101,216,201
91,131,241,181
31,136,181,186
136,36,224,71
46,56,116,126
56,136,197,206
221,116,271,166
176,66,282,136
16,21,116,71
51,76,201,126
136,111,206,146
46,121,146,171
6,66,206,166
61,61,161,111
56,126,144,161
226,141,314,176
141,56,241,156
86,61,262,131
186,131,292,166
81,96,281,196
61,91,136,141
106,176,176,211
1,16,201,116
96,111,202,181
66,121,166,171
56,61,197,131
116,81,166,131
116,136,292,206
21,76,171,126
171,156,206,191
116,26,266,76
21,76,233,146
31,71,106,121
206,106,276,176
151,111,204,146
96,86,246,186
41,101,111,136
1,21,301,121
146,41,221,91
121,46,297,116
1,21,201,121
76,116,146,186
31,1,313,142
101,91,313,161
116,66,151,101
196,11,296,111
216,71,269,106
46,96,96,146
161,11,267,81
21,86,171,136
36,131,136,181
66,51,116,101
151,81,201,131
31,36,243,177
171,46,246,96
156,81,306,181
126,51,214,86
51,26,151,126
76,146,201,196
86,21,211,71
106,36,306,136
106,136,212,171
6,61,112,96
246,111,296,161
121,56,191,91
161,121,236,171
16,136,86,171
61,96,311,196
31,46,281,146
66,116,136,186
116,51,222,121
146,96,216,131
56,51,268,192
141,121,282,191
91,71,179,106
141,66,266,116
71,46,177,81
41,41,291,141
96,31,166,66
221,81,296,131
176,136,251,186
61,41,161,91
26,146,151,196
16,86,316,186
126,66,302,136
41,171,94,206
81,86,181,136
56,16,206,116
11,71,99,106
51,41,121,76
41,41,253,111
71,116,124,151
91,41,144,76
116,111,151,146
36,26,236,126
156,61,262,96
86,11,298,152
11,81,111,181
181,41,234,76
56,51,206,101
151,71,251,121
66,6,216,106
66,131,172,201
121,146,246,196
146,121,234,156
141,11,317,81
31,111,106,161
166,56,219,91
51,171,86,206
116,1,316,101
16,116,192,186
16,156,122,191
131,96,231,196
46,51,258,121
51,56,86,91
196,121,249,156
171,156,246,206
111,81,161,131
66,21,141,71
76,126,288,196
41,61,111,96
21,81,127,151
36,66,248,207
171,36,206,71
131,101,281,151
81,101,231,201
101,76,151,126
56,126,109,161
111,111,211,161
36,31,177,172
196,151,271,201
101,76,171,111
41,21,141,121
61,76,161,176
161,71,311,121
206,141,312,211
31,146,131,196
191,136,226,171
151,76,186,111
186,141,256,211
166,96,236,166
41,91,291,191
116,101,266,151
56,101,144,136
231,106,301,176
66,41,172,76
241,91,291,141
76,61,226,161
96,11,308,152
106,86,194,121
51,46,227,116
1,31,151,81
66,76,216,176
81,71,156,121
111,81,181,116
111,61,164,96
46,11,116,46
31,11,66,46
6,1,112,36
1,11,101,61
66,6,191,56
21,6,56,41
1,1,54,36
6,1,131,51
1,1,71,36
1,1,107,71
16,11,69,46
46,6,196,56
46,11,96,61
