91,81,161,116
51,161,104,196
11,256,111,306
41,91,141,191
81,106,116,141
106,116,206,166
156,131,209,166
66,131,207,272
51,66,176,116
96,196,171,246
1,136,213,277
101,221,154,256
41,111,129,146
1,56,107,126
101,216,207,251
56,176,131,226
136,226,189,261
1,76,126,126
71,136,177,206
106,121,176,156
11,231,81,301
46,146,96,196
6,66,81,116
56,66,156,116
121,166,196,216
81,161,181,261
21,236,121,286
46,106,99,141
86,141,121,176
11,46,211,146
121,196,191,266
131,201,184,236
6,56,112,91
66,136,166,236
56,166,91,201
101,236,201,286
31,121,131,221
6,106,131,156
11,161,117,196
6,206,156,306
36,246,212,316
46,221,99,256
96,126,196,226
21,226,71,276
56,166,206,216
56,51,156,101
101,191,176,241
81,126,116,161
36,141,142,211
61,46,96,81
31,81,81,131
36,256,111,306
141,91,194,126
26,236,167,306
86,56,156,91
6,91,106,141
51,191,192,261
51,101,151,201
6,181,147,251
16,171,157,312
61,166,211,216
56,31,197,172
6,156,156,256
76,36,182,106
86,256,186,306
6,46,76,116
46,41,187,111
11,41,117,111
16,206,116,306
111,211,211,311
91,111,144,146
36,151,111,201
16,246,86,316
1,171,142,312
26,246,114,281
46,111,134,146
116,51,166,101
21,116,121,216
56,156,106,206
26,26,101,76
36,91,136,141
36,231,106,301
36,76,86,126
6,101,156,201
1,111,213,252
31,171,131,221
106,126,181,176
76,211,182,281
41,186,111,256
136,241,206,311
1,166,126,216
1,156,76,206
46,191,99,226
26,96,96,131
41,41,91,91
16,206,66,256
61,96,202,166
36,231,106,266
36,216,106,286
71,186,146,236
86,51,186,101
1,31,151,131
1,226,54,261
156,81,209,116
36,151,186,251
61,16,96,51
71,256,106,291
61,91,161,141
51,36,121,71
81,51,181,151
76,46,201,96
16,41,166,91
56,116,197,186
91,196,197,231
1,41,151,141
106,61,156,111
76,161,126,211
66,71,116,121
61,111,202,181
61,231,211,281
11,256,99,291
6,216,76,286
41,91,182,232
16,206,51,241
1,171,89,206
41,256,76,291
71,136,121,186
21,101,162,242
41,236,182,306
131,196,206,246
16,176,69,211
101,221,207,256
26,41,79,76
21,211,197,281
36,131,71,166
81,76,169,111
26,146,132,181
21,256,56,291
46,181,116,216
61,81,96,116
76,51,182,86
176,91,211,126
86,121,161,171
21,206,171,306
66,141,136,211
41,91,94,126
116,126,169,161
46,136,152,206
6,91,94,126
46,116,187,257
71,116,159,151
6,146,112,181
36,126,142,196
66,216,141,266
41,51,166,101
116,96,191,146
21,251,91,286
51,116,157,151
46,91,187,161
6,101,156,151
106,216,181,266
16,176,116,276
36,91,161,141
106,181,176,251
11,231,99,266
31,156,156,206
6,36,76,71
36,206,136,256
121,176,191,211
16,151,166,251
126,201,196,271
106,201,141,236
16,61,166,111
46,216,121,266
1,256,71,291
26,71,167,212
131,141,184,176
21,221,121,271
76,221,151,271
46,241,116,311
41,171,166,221
76,116,146,186
41,31,129,66
106,191,194,226
111,116,146,151
126,216,176,266
16,126,157,196
46,156,187,297
11,136,117,171
26,196,96,266
46,86,116,121
6,126,156,226
136,86,206,156
126,151,196,221
21,231,56,266
161,71,211,121
11,176,117,246
76,61,126,111
66,76,154,111
36,191,177,261
16,56,116,156
1,216,51,266
46,51,171,101
86,131,161,181
66,176,119,211
101,251,201,301
101,116,171,151
31,141,106,191
101,36,171,106
11,106,117,176
71,101,121,151
81,226,187,261
116,126,191,176
36,136,106,206
11,221,86,271
1,51,107,86
31,246,81,296
61,71,161,121
86,206,192,276
16,226,86,296
76,131,126,181
61,246,114,281
51,221,121,256
106,186,194,221
81,246,206,296
46,61,152,96
36,236,161,286
46,26,99,61
1,221,213,291
56,46,156,146
71,66,212,136
76,66,151,116
76,66,201,116
51,141,104,176
46,166,116,236
156,196,209,231
81,141,187,211
41,16,111,86
26,126,79,161
41,231,116,281
6,41,56,91
126,146,196,216
106,156,194,191
61,56,161,106
46,191,116,226
111,176,164,211
11,76,211,276
91,236,141,286
26,121,96,156
81,96,187,131
11,61,117,131
86,146,139,181
51,166,86,201
61,171,161,271
36,156,111,206
1,156,89,191
91,196,179,231
56,211,197,281
46,156,196,256
91,96,161,166
86,41,136,91
16,41,157,111
46,36,99,71
116,216,186,251
6,116,112,186
56,256,131,306
141,136,191,186
76,131,164,166
11,106,136,156
66,36,141,86
96,256,131,291
51,26,151,126
41,56,76,91
21,176,127,211
66,106,136,141
61,81,211,131
16,161,91,211
96,111,202,146
26,201,167,271
71,51,121,101
6,86,147,227
81,166,151,201
146,126,199,161
136,71,211,121
51,141,176,191
46,106,116,176
91,191,166,241
61,86,131,121
151,191,186,226
6,51,182,121
1,56,213,126
26,166,76,216
16,71,116,121
106,61,159,96
1,241,51,291
66,176,136,211
56,86,126,121
76,121,146,191
76,251,129,286
91,241,126,276
6,91,59,126
11,216,61,266
151,96,186,131
56,111,162,181
141,91,211,161
1,76,51,126
66,121,136,156
31,36,106,86
6,86,156,186
56,191,156,291
106,216,206,266
66,36,119,71
66,46,136,116
126,141,196,211
6,76,156,176
21,166,71,216
66,106,191,156
31,116,156,166
51,161,192,302
106,246,212,281
6,231,112,301
151,121,204,156
36,146,136,246
56,156,126,191
111,76,186,126
6,176,156,276
131,56,181,106
51,66,121,101
61,21,111,71
26,86,114,121
56,56,144,91
101,131,201,231
121,71,191,141
11,131,111,231
21,26,127,96
1,131,101,231
106,226,159,261
66,121,119,156
46,111,96,161
46,116,152,186
161,191,211,241
101,201,207,271
11,71,211,271
126,191,201,241
6,81,182,151
11,66,161,116
81,36,156,86
31,136,207,206
1,241,89,276
26,211,76,261
91,111,161,146
51,46,104,81
56,221,156,271
21,126,71,176
136,76,189,111
101,206,136,241
11,31,152,172
61,231,167,266
31,16,101,86
6,236,59,271
26,216,176,316
91,61,126,96
16,216,192,286
11,26,81,96
111,116,211,166
56,96,206,146
66,96,207,166
51,41,121,111
56,81,144,116
76,101,151,151
56,206,206,306
11,176,187,246
16,201,104,236
11,231,136,281
111,156,186,206
51,81,201,181
41,121,147,156
61,71,211,121
21,76,162,217
21,86,162,156
111,136,161,186
11,101,161,201
56,56,197,126
11,201,117,271
81,131,134,166
6,71,147,212
51,21,192,162
86,246,156,281
66,111,141,161
56,56,109,91
26,191,132,226
61,216,96,251
96,196,146,246
11,226,161,276
1,51,142,121
86,136,121,171
21,171,56,206
146,116,181,151
1,166,107,201
41,166,182,236
36,151,86,201
91,66,161,136
116,96,151,131
1,76,151,176
21,226,127,261
71,131,159,166
141,246,211,281
151,236,201,286
156,146,206,196
116,201,191,251
76,86,164,121
31,111,66,146
21,191,74,226
161,131,196,166
1,176,51,226
1,96,142,166
21,61,146,111
46,171,146,271
11,221,111,271
66,51,136,86
1,246,126,296
31,211,181,261
106,236,156,286
151,141,204,176
21,36,109,71
31,256,66,291
21,121,162,262
11,51,187,121
96,101,166,136
106,1,141,36
131,1,206,51
141,1,191,51
131,1,184,36
126,6,179,41
151,1,204,36
106,1,176,36
141,1,194,36
151,6,186,41
101,6,189,41
156,11,209,46
141,1,211,36
161,6,196,41
116,6,204,41
96,6,184,41
146,16,199,51
136,11,206,46
176,21,211,56
176,1,211,36
101,1,136,36
111,6,146,41
156,6,191,41
146,6,181,41
126,11,196,46
16,1,51,36
121,6,156,41
111,6,181,41
131,11,166,46
6,6,41,41
171,16,206,51
136,6,171,41
126,6,161,41
131,6,184,41
116,6,169,41
146,11,181,46
96,6,202,41
156,1,206,51
146,1,181,36
126,1,196,36
96,1,149,36
161,1,196,36
156,1,209,36
11,1,46,36
111,11,199,46
91,1,197,36
141,11,194,46
161,11,196,46
136,6,206,41
156,11,191,46
116,11,186,46
121,6,174,41
141,6,176,41
151,11,204,46
101,1,154,36
126,6,196,41
116,11,204,46
151,6,204,41
101,6,154,41
136,1,171,36
126,1,161,36
96,1,166,36
166,1,201,36
166,11,201,46
176,11,211,46
151,1,186,36
101,6,171,41
151,1,201,51
116,1,169,36
106,6,141,41
126,1,201,51
