31,61,156,111
36,61,136,111
61,66,136,116
146,116,221,166
86,101,136,151
106,76,156,126
31,51,243,192
161,131,261,181
176,141,226,191
111,106,164,141
36,116,106,151
6,151,156,201
136,111,211,161
91,151,197,186
61,171,114,206
126,131,226,181
41,101,111,171
36,46,136,146
56,111,256,211
61,51,167,86
21,121,171,171
101,126,136,161
31,51,131,151
61,61,161,161
46,96,196,146
181,136,216,171
66,36,166,136
226,151,276,201
31,91,131,191
51,81,86,116
126,66,176,116
61,111,167,181
76,126,217,196
91,146,126,181
221,151,256,186
56,71,162,141
176,151,264,186
46,96,187,166
56,86,162,121
126,126,232,196
36,161,111,211
31,161,66,196
96,161,166,196
6,151,112,186
71,121,141,156
61,56,149,91
71,61,171,111
46,111,96,161
26,61,202,131
191,156,261,191
166,156,254,191
101,126,277,196
36,61,212,131
76,51,217,192
76,101,217,171
71,156,177,191
81,141,156,191
86,171,174,206
116,146,216,196
221,106,256,141
86,56,161,106
61,176,149,211
31,81,101,151
196,171,231,206
56,121,181,171
91,136,303,206
131,71,231,171
41,61,91,111
111,71,211,121
111,106,199,141
16,156,69,191
86,131,121,166
206,166,294,201
226,136,261,171
101,156,251,206
146,86,216,156
1,151,101,201
36,156,111,206
81,141,231,191
121,121,271,171
36,81,111,131
56,41,156,141
71,106,271,206
56,66,126,101
61,71,114,106
1,136,89,171
76,76,126,126
121,96,196,146
51,46,126,96
76,81,111,116
136,171,189,206
126,156,251,206
41,106,141,206
101,86,207,121
51,111,201,161
71,51,146,101
116,116,241,166
156,126,226,161
66,46,191,96
26,141,61,176
16,111,122,181
36,61,177,131
11,136,81,171
136,71,211,121
96,136,171,186
151,111,226,161
86,46,186,146
51,146,126,196
21,126,56,161
86,131,161,181
56,101,206,151
121,166,227,201
86,66,227,136
136,166,171,201
46,76,152,111
41,56,129,91
6,166,76,201
121,131,191,166
36,56,236,156
81,121,257,191
26,101,132,171
61,101,161,151
81,106,187,141
121,156,221,206
46,61,258,202
61,51,131,86
76,51,182,86
126,116,226,166
86,111,262,181
141,81,211,151
81,101,206,151
41,51,191,151
71,111,212,181
66,76,136,146
41,141,116,191
156,146,256,196
96,141,202,211
166,161,291,211
121,141,196,191
36,126,248,196
71,141,106,176
61,161,114,196
101,111,251,211
41,96,94,131
136,141,277,211
126,146,251,196
56,156,131,206
46,91,187,161
16,106,192,176
131,151,219,186
166,136,272,171
71,136,221,186
136,126,206,161
201,151,236,186
101,76,201,176
146,101,252,136
31,61,172,202
96,141,221,191
131,146,231,196
166,141,236,211
106,41,141,76
26,146,79,181
111,141,186,191
46,111,116,146
56,81,91,116
26,96,276,196
196,141,266,211
201,146,276,196
61,121,167,156
61,176,96,211
91,121,267,191
21,116,91,186
81,161,116,196
151,166,204,201
41,91,111,161
76,161,146,196
86,91,236,191
91,176,144,211
6,111,256,211
136,126,189,161
26,116,96,186
121,101,262,171
51,116,263,186
71,161,146,211
56,126,91,161
66,81,116,131
171,121,224,156
111,81,199,116
101,101,176,151
21,56,171,156
106,146,156,196
86,61,236,161
101,121,189,156
111,86,181,121
141,96,211,131
31,131,137,201
131,136,201,206
206,166,241,201
131,111,237,181
151,96,251,196
26,121,101,171
51,171,121,206
6,136,59,171
191,106,244,141
81,91,231,191
81,111,169,146
146,131,234,166
126,101,214,136
21,101,171,201
121,141,271,191
21,146,91,181
76,161,226,211
211,151,264,186
66,76,172,146
26,101,276,201
76,176,111,211
116,101,186,136
81,56,151,91
111,176,164,211
186,146,256,181
156,116,191,151
121,141,191,211
46,156,116,191
176,161,264,196
51,76,151,176
166,126,201,161
156,91,256,191
66,91,216,191
86,141,262,211
126,101,196,171
41,76,76,111
91,66,141,116
21,146,127,181
11,121,161,171
151,101,221,171
71,126,171,176
121,121,221,171
16,141,104,176
116,41,186,111
126,61,201,111
156,141,262,176
61,81,237,151
136,86,186,136
31,96,243,166
56,151,131,201
161,176,249,211
86,121,262,191
56,91,106,141
11,156,136,206
66,71,207,212
56,86,91,121
86,136,156,171
71,56,171,106
76,46,176,96
21,126,233,196
81,126,134,161
131,61,166,96
36,86,106,121
21,46,162,187
46,126,116,196
66,56,136,91
141,156,241,206
111,46,181,116
96,66,149,101
131,116,206,166
51,91,176,141
31,136,101,206
41,156,147,191
106,91,194,126
91,86,241,186
26,141,132,176
66,116,172,151
221,146,271,196
216,171,304,206
11,156,81,191
141,141,247,211
131,101,201,171
96,56,237,197
116,111,266,211
211,166,246,201
21,101,71,151
221,16,256,51
231,36,306,86
221,51,291,86
236,11,289,46
246,56,281,91
226,51,296,86
226,6,279,41
241,26,311,61
231,36,266,71
236,41,289,76
266,116,319,151
216,56,269,91
221,11,291,46
241,71,311,106
241,61,294,96
241,31,291,81
231,11,301,46
241,56,276,91
206,46,312,81
231,66,281,116
216,1,269,36
216,31,269,66
236,11,306,81
211,1,299,36
266,41,301,76
266,111,319,146
226,46,296,81
211,51,286,101
266,86,301,121
271,121,306,156
231,46,281,96
216,11,266,61
241,16,276,51
266,86,316,136
221,36,271,86
241,56,311,126
246,26,316,61
236,1,286,51
241,21,291,71
231,36,281,86
216,51,304,86
231,71,284,106
216,61,269,96
211,16,311,116
236,1,306,71
236,66,271,101
211,51,281,86
226,6,296,76
231,51,284,86
231,1,301,71
231,41,306,91
231,61,306,111
241,36,311,71
251,36,301,86
261,66,311,116
216,16,251,51
226,1,296,36
251,31,286,66
221,26,309,61
276,46,311,81
211,51,311,101
221,11,296,61
266,21,319,56
221,1,274,36
216,36,286,71
206,1,312,71
251,41,301,91
231,31,306,81
256,61,291,96
276,106,311,141
216,46,316,96
241,91,311,126
216,11,286,46
261,111,296,146
236,41,306,111
266,16,301,51
266,41,319,76
281,116,316,151
211,36,311,86
256,31,306,81
216,16,286,51
246,16,296,66
231,31,284,66
246,11,281,46
266,76,316,126
231,1,266,36
231,21,281,71
216,61,286,96
266,31,316,81
241,76,311,111
256,76,309,111
281,71,316,106
236,61,311,111
271,26,306,61
236,6,311,56
241,41,311,76
246,66,316,101
276,26,311,61
221,21,274,56
256,51,291,86
281,56,316,91
256,26,309,61
266,26,319,61
226,36,301,86
236,21,311,71
236,76,306,111
266,96,316,146
241,61,276,96
266,46,316,96
231,51,301,86
1,6,89,41
171,11,206,46
31,16,119,51
1,61,36,96
51,1,86,36
16,21,86,56
26,1,101,51
161,1,211,51
156,6,206,56
66,6,119,41
66,16,119,51
71,1,121,51
31,11,101,46
6,41,59,76
26,6,101,56
6,11,56,61
1,11,89,46
81,6,116,41
56,6,106,56
1,6,54,41
156,6,209,41
6,46,41,81
46,1,134,36
156,16,209,51
181,31,216,66
81,6,134,41
156,1,191,36
186,1,221,36
21,11,56,46
6,21,59,56
166,11,219,46
11,21,99,56
66,16,101,51
1,41,36,76
71,6,124,41
16,36,51,71
21,6,56,41
161,1,196,36
11,46,46,81
171,1,206,36
6,16,41,51
6,11,94,46
26,6,61,41
21,16,56,51
11,6,117,41
46,1,116,36
1,11,101,61
6,6,41,41
181,6,216,41
61,1,111,51
1,1,54,36
76,6,111,41
1,76,36,111
31,16,84,51
31,6,66,41
51,16,86,51
16,6,66,56
11,36,46,71
6,41,41,76
16,21,69,56
16,16,122,51
71,1,124,36
1,31,54,66
26,16,79,51
21,16,109,51
16,16,66,66
176,26,211,61
26,6,76,56
161,21,214,56
11,21,46,56
51,16,121,51
86,11,121,46
1,1,89,36
6,16,56,66
171,36,206,71
1,16,76,66
51,1,139,36
26,1,61,36
166,6,216,56
56,16,126,51
11,26,46,61
6,6,94,41
41,1,76,36
6,6,76,41
1,66,36,101
31,1,84,36
16,6,91,56
41,1,94,36
36,1,136,51
11,21,61,71
11,1,61,51
56,11,109,46
186,46,221,81
66,1,136,36
11,6,86,56
21,41,56,76
46,6,96,56
1,16,51,66
166,1,201,36
176,31,211,66
26,31,61,66
26,6,126,56
6,36,56,86
176,16,211,51
36,1,124,36
61,16,114,51
91,6,126,41
