6,221,156,271
36,246,212,316
66,211,172,281
76,186,126,236
11,241,117,311
71,101,141,136
111,156,164,191
56,176,162,211
91,166,126,201
61,96,131,131
66,211,172,246
81,106,131,156
6,241,106,291
151,226,186,261
46,101,116,171
111,216,181,251
106,136,156,186
21,226,109,261
111,216,211,316
71,231,177,301
56,211,197,281
6,246,131,296
51,206,157,276
76,246,146,316
1,231,107,266
96,161,149,196
81,216,181,316
66,66,116,116
76,231,164,266
66,216,207,286
56,141,144,176
76,221,146,291
81,246,206,296
56,141,91,176
76,181,146,216
56,171,144,206
11,231,117,301
96,196,131,231
96,146,149,181
76,231,182,266
26,221,101,271
71,196,141,231
51,116,151,166
71,171,141,206
116,191,151,226
91,201,144,236
81,76,131,126
76,111,151,161
56,256,131,306
91,161,161,196
16,226,141,276
96,241,171,291
61,151,161,201
111,186,164,221
61,116,96,151
61,191,186,241
81,141,156,191
56,91,126,126
46,226,116,296
81,256,156,306
71,251,121,301
146,201,199,236
81,231,187,266
66,121,141,171
46,136,99,171
121,191,171,241
71,196,171,296
26,236,167,306
86,211,174,246
16,246,122,316
136,226,171,261
71,186,171,286
106,216,212,286
86,171,136,221
31,231,101,301
66,236,207,306
36,256,124,291
81,211,116,246
61,246,111,296
36,236,177,306
41,241,116,291
71,156,141,226
66,216,136,251
91,206,166,256
101,201,151,251
106,176,159,211
96,181,166,251
116,231,186,301
111,236,181,306
76,256,182,291
76,221,111,256
106,226,159,261
46,206,196,306
101,246,151,296
116,196,186,266
116,161,169,196
11,241,161,291
101,166,176,216
56,216,106,266
116,206,169,241
61,116,131,186
81,156,116,191
21,246,109,281
111,216,181,286
111,236,199,271
16,241,166,291
71,121,124,156
131,211,184,246
101,76,136,111
121,221,156,256
96,176,131,211
101,196,154,231
66,231,101,266
66,231,207,301
36,226,106,261
96,226,202,261
86,176,121,211
66,156,136,191
51,236,192,306
126,206,201,256
41,121,147,156
141,221,176,256
61,181,167,251
31,241,156,291
76,166,111,201
91,206,179,241
71,121,146,171
61,201,161,251
91,161,161,231
56,106,109,141
96,186,166,256
101,206,151,256
111,231,161,281
56,136,162,206
91,206,191,256
56,136,162,171
96,186,166,221
121,241,191,311
46,236,152,306
71,86,124,121
21,231,96,281
61,236,111,286
131,211,166,246
56,11,144,46
86,26,156,61
131,16,181,66
16,21,104,56
136,51,206,121
21,206,56,241
66,26,101,61
1,66,71,101
1,36,107,71
176,141,211,176
141,1,194,36
81,1,181,51
36,6,177,76
66,6,172,76
11,6,86,56
6,216,76,286
166,56,201,91
81,1,187,71
36,41,86,91
41,16,91,66
1,1,101,101
26,21,96,91
71,1,141,71
1,91,36,126
86,36,192,71
81,16,131,66
26,16,202,86
51,1,104,36
121,16,174,51
131,26,184,61
161,11,196,46
71,1,171,51
36,1,136,51
6,36,56,86
161,81,196,116
1,1,177,71
111,16,181,51
151,26,186,61
151,91,201,141
6,101,41,136
121,1,209,36
141,46,211,116
121,36,196,86
91,11,197,46
166,86,201,121
116,6,166,56
21,16,121,66
126,36,179,71
21,31,74,66
51,16,101,66
1,41,89,76
16,1,166,51
46,51,81,86
11,166,64,201
51,1,126,51
161,96,211,146
1,216,54,251
116,26,186,61
56,6,144,41
51,41,86,76
136,91,171,126
66,1,207,71
26,36,96,71
76,31,129,66
161,41,196,76
31,166,66,201
11,36,117,71
16,221,51,256
26,26,61,61
6,91,59,126
1,41,51,91
6,191,41,226
16,36,86,71
151,51,186,86
76,1,201,51
176,131,211,166
26,6,96,41
6,66,59,101
106,16,181,66
151,116,204,151
136,51,186,101
6,171,59,206
141,106,194,141
81,1,206,51
156,111,206,161
31,6,66,41
96,31,149,66
111,16,211,66
11,46,81,81
106,1,156,51
71,26,106,61
56,31,162,66
26,1,76,51
146,1,199,36
111,26,164,61
146,1,196,51
21,181,56,216
11,171,64,206
131,1,201,36
56,11,197,81
11,56,64,91
6,26,106,76
11,26,161,76
26,1,151,51
66,16,116,66
156,61,209,96
171,116,206,151
101,11,151,61
131,6,201,41
111,11,181,81
26,31,101,81
176,21,211,56
26,26,76,76
131,86,184,121
41,6,111,41
91,31,161,66
96,16,196,66
76,6,182,41
141,76,191,126
171,46,206,81
56,6,109,41
101,26,154,61
61,16,136,66
131,6,184,41
141,11,211,81
11,51,46,86
61,21,211,71
11,21,86,71
51,36,157,71
36,26,161,76
111,11,211,111
76,31,146,66
146,56,181,91
21,1,127,71
21,36,71,86
76,21,146,56
141,6,211,76
106,36,176,71
106,26,181,76
26,56,79,91
26,51,76,101
161,21,196,56
1,56,71,91
26,31,132,66
126,46,201,96
21,36,127,71
11,11,161,61
16,166,51,201
1,6,71,41
66,6,207,76
141,76,211,146
156,71,209,106
41,31,147,66
136,66,186,116
6,91,41,126
1,176,36,211
111,31,186,81
156,11,209,46
11,211,86,261
41,61,76,96
131,91,206,141
31,26,101,61
16,96,51,131
36,61,71,96
126,31,161,66
26,6,132,41
21,26,96,76
11,211,64,246
116,16,191,66
101,21,154,56
6,1,112,36
31,31,66,66
91,16,141,66
121,6,209,41
146,46,181,81
36,6,142,41
176,116,211,151
141,26,191,76
161,21,211,71
151,81,186,116
41,26,166,76
6,101,56,151
21,36,96,86
1,16,36,51
6,211,56,261
141,96,211,166
151,121,201,171
131,41,201,111
21,11,96,61
36,216,71,251
16,51,86,86
106,6,212,76
136,31,206,66
86,26,139,61
136,11,206,46
151,96,201,146
76,21,201,71
6,56,41,91
91,1,141,51
16,216,86,251
1,6,151,56
141,96,191,146
26,71,61,106
101,1,171,71
141,61,194,96
21,91,56,126
71,1,177,36
126,6,179,41
131,71,201,106
121,1,191,36
91,26,144,61
16,166,66,216
56,11,156,61
66,26,136,61
16,36,86,106
36,26,124,61
76,1,151,51
76,6,151,56
6,6,182,76
11,1,187,71
41,16,147,51
131,16,201,86
6,186,59,221
126,41,196,111
91,6,197,76
171,1,206,36
26,16,176,66
151,126,201,176
1,151,51,201
6,1,106,51
26,221,79,256
41,21,191,71
136,111,206,146
6,86,41,121
6,21,56,71
136,71,171,106
6,171,41,206
141,61,191,111
6,66,41,101
21,101,56,136
31,16,66,51
16,46,66,96
11,26,99,61
36,21,71,56
1,211,76,261
31,46,81,96
116,11,151,46
16,26,66,76
116,11,186,81
106,1,206,51
16,1,69,36
16,36,66,86
16,11,192,81
86,31,192,66
156,91,191,126
126,26,161,61
16,171,66,221
46,16,152,51
96,6,196,56
16,161,69,196
76,6,146,41
6,21,112,56
61,1,136,51
61,1,167,71
91,26,161,61
36,71,71,106
6,66,76,101
131,41,201,76
116,26,191,76
86,1,139,36
16,211,86,281
6,206,76,241
26,6,76,56
86,6,211,56
16,6,66,56
166,46,201,81
71,16,121,66
161,101,196,136
21,96,56,131
51,6,157,41
86,26,174,61
61,21,114,56
116,6,169,41
176,46,211,81
66,6,141,56
1,221,71,291
1,51,89,86
146,86,199,121
36,1,71,36
31,26,84,61
1,1,36,36
151,21,201,71
131,61,184,96
26,21,114,56
151,76,204,111
96,6,166,41
21,51,71,101
1,16,51,66
151,126,186,161
46,6,134,41
21,221,71,271
106,1,176,71
126,56,196,91
136,71,206,141
131,16,201,51
131,41,184,76
16,16,66,66
11,21,61,71
6,41,41,76
16,186,51,221
126,21,179,56
31,26,137,61
146,6,196,56
151,6,201,56
126,11,176,61
66,26,172,61
81,31,187,66
161,61,211,111
136,101,211,151
16,6,91,56
86,16,139,51
31,56,84,91
116,41,169,76
136,46,206,116
81,16,134,51
106,11,212,81
16,156,51,191
136,6,186,56
136,81,186,131
11,206,81,241
116,26,169,61
26,191,61,226
56,1,206,51
16,26,116,76
161,81,211,131
146,1,181,36
11,91,64,126
121,31,191,101
91,26,179,61
56,21,181,71
151,31,204,66
41,6,147,76
31,21,119,56
121,41,156,76
1,11,177,81
56,16,181,66
121,11,156,46
86,6,139,41
126,36,201,86
51,36,104,71
96,21,202,56
71,11,146,61
6,46,41,81
111,1,211,101
6,16,182,86
136,41,189,76
