46,111,116,146
201,141,289,176
136,106,277,176
196,126,271,176
191,101,261,171
251,126,304,161
11,136,64,171
31,141,137,176
96,96,171,146
46,111,196,161
26,106,132,141
26,111,114,146
156,146,262,181
146,106,296,156
206,126,306,176
71,91,221,191
71,131,121,181
86,121,121,156
81,116,156,166
56,131,126,166
111,101,287,171
226,141,296,176
161,116,231,186
211,131,264,166
61,86,211,186
151,96,257,166
146,131,246,181
86,141,192,176
226,111,296,181
146,116,246,166
81,136,206,186
66,121,154,156
76,116,164,151
171,116,259,151
241,121,311,156
41,106,91,156
146,91,216,126
276,131,311,166
106,136,159,171
156,151,244,186
206,141,294,176
71,106,146,156
161,106,214,141
146,126,221,176
61,101,114,136
26,86,226,186
211,96,281,166
146,121,199,156
121,111,262,181
246,121,296,171
176,91,246,126
146,121,246,171
191,96,261,131
31,111,106,161
156,91,191,126
46,136,81,171
166,86,241,136
66,91,116,141
206,116,276,151
186,111,292,146
26,106,101,156
51,81,263,151
161,131,249,166
216,146,251,181
66,116,154,151
76,121,129,156
76,111,151,161
101,111,242,181
91,101,216,151
101,131,151,181
81,111,293,181
46,96,187,166
46,91,96,141
156,121,226,156
281,136,316,171
196,131,246,181
206,126,276,161
176,126,282,161
206,116,281,166
96,126,131,161
191,91,241,141
76,106,201,156
186,116,292,151
36,126,136,176
96,106,246,156
56,106,91,141
186,136,256,171
66,86,136,121
136,96,186,146
126,81,176,131
116,151,186,186
171,121,296,171
151,106,257,141
136,116,236,166
41,126,94,161
176,111,229,146
141,101,211,171
101,101,242,171
126,131,251,181
101,101,313,171
51,111,227,181
61,106,167,141
56,91,181,141
176,121,264,156
51,121,101,171
166,91,236,126
51,101,151,151
136,131,189,166
146,106,181,141
161,121,211,171
251,136,286,171
161,141,231,176
201,91,271,161
46,96,152,131
76,146,182,181
96,86,171,136
266,126,301,161
106,81,141,116
126,106,251,156
86,111,186,161
136,136,261,186
91,96,303,166
61,101,161,151
66,81,172,151
221,111,256,146
46,141,134,176
216,121,266,171
56,96,162,131
136,101,236,151
51,101,126,151
26,111,76,161
31,101,119,136
111,111,164,146
106,116,159,151
56,81,197,151
101,116,171,186
96,141,149,176
171,106,221,156
121,116,271,166
31,116,156,166
31,111,207,181
131,76,231,176
161,106,211,156
106,126,156,176
101,116,151,166
81,121,131,171
136,116,211,166
171,86,246,136
96,91,166,126
166,101,236,136
26,116,61,151
201,111,271,181
101,81,136,116
21,126,121,176
146,101,296,151
161,86,231,156
101,121,226,171
6,131,112,166
46,116,187,186
91,111,179,146
131,106,237,176
31,106,137,141
236,111,289,146
171,91,277,161
96,91,246,191
66,86,166,136
101,96,207,166
151,131,186,166
86,101,211,151
181,131,306,181
211,126,264,161
106,106,282,176
91,116,144,151
121,91,156,126
221,101,274,136
226,136,261,171
41,96,147,166
26,101,238,171
26,111,238,181
76,86,226,136
11,136,117,171
151,116,257,186
31,126,106,176
16,101,157,171
91,121,197,156
31,176,101,211
206,176,276,211
231,176,266,211
226,176,279,211
196,176,284,211
6,176,41,211
76,176,111,211
6,176,94,211
231,176,319,211
71,176,159,211
181,176,251,211
36,176,89,211
6,176,112,211
46,176,134,211
216,176,304,211
251,176,286,211
16,176,86,211
181,176,287,211
61,176,96,211
41,176,129,211
41,176,94,211
66,176,119,211
201,176,289,211
246,176,281,211
216,176,286,211
1,176,71,211
51,176,104,211
1,176,89,211
211,176,264,211
236,176,271,211
36,176,142,211
271,176,306,211
231,176,301,211
1,176,36,211
21,176,91,211
21,176,109,211
66,176,101,211
206,176,312,211
51,176,86,211
16,176,104,211
61,176,114,211
196,176,302,211
1,176,107,211
236,176,289,211
211,176,246,211
41,176,111,211
246,176,316,211
261,176,296,211
36,176,71,211
71,176,124,211
221,176,274,211
46,176,116,211
16,171,51,206
1,171,54,206
6,171,59,206
11,176,99,211
86,176,121,211
261,176,314,211
36,176,106,211
26,176,114,211
206,176,241,211
181,176,269,211
226,176,261,211
31,176,66,211
51,176,157,211
221,176,256,211
91,176,126,211
266,176,319,211
81,176,134,211
81,176,116,211
176,176,282,211
281,176,316,211
266,176,301,211
191,176,226,211
206,176,294,211
216,176,251,211
241,176,311,211
171,176,277,211
196,176,249,211
201,176,254,211
221,176,309,211
241,56,291,106
226,66,296,101
226,61,261,96
256,71,309,106
261,61,296,96
266,81,301,116
261,71,296,106
271,76,306,111
221,61,291,96
256,66,291,101
261,61,311,111
261,71,314,106
241,61,311,96
221,61,274,96
266,76,316,126
251,81,286,116
246,76,316,111
246,71,316,106
231,56,284,91
246,61,296,111
261,86,314,121
266,76,319,111
246,71,281,106
251,66,301,116
251,71,304,106
251,71,286,106
236,66,271,101
241,61,276,96
266,61,301,96
266,86,319,121
241,61,294,96
236,61,271,96
231,56,266,91
241,66,276,101
266,66,301,101
266,66,316,116
271,66,306,101
231,61,301,96
246,66,296,116
251,56,286,91
261,66,314,101
246,76,281,111
246,61,281,96
281,71,316,106
236,71,289,106
246,66,281,101
276,91,311,126
241,71,294,106
251,71,301,121
241,56,294,91
251,81,304,116
271,81,306,116
16,11,86,81
211,26,246,61
61,11,167,46
21,16,121,66
51,26,126,76
61,36,149,71
156,1,231,51
101,41,207,76
1,16,76,66
161,11,236,61
96,26,149,61
21,31,127,66
6,36,41,71
96,11,184,46
106,31,141,66
16,1,166,51
146,11,252,46
96,41,131,76
101,11,189,46
16,21,122,56
71,6,159,41
126,31,179,66
226,6,279,41
51,21,101,71
1,1,51,51
91,6,197,76
116,21,204,56
116,1,186,71
191,11,279,46
201,31,254,66
126,16,176,66
51,11,121,81
156,1,191,36
171,21,206,56
101,26,171,61
146,6,196,56
31,1,81,51
171,1,277,71
11,26,99,61
111,1,211,51
56,26,206,76
136,1,242,71
66,41,119,76
176,11,276,61
31,21,81,71
56,26,126,61
161,11,214,46
111,1,287,71
111,36,199,71
151,11,276,61
1,6,101,56
136,21,189,56
66,26,116,76
96,6,246,56
76,21,226,71
31,6,101,41
101,26,201,76
86,1,136,51
46,1,171,51
66,16,136,51
126,26,214,61
26,21,96,56
156,41,226,76
36,11,71,46
126,21,232,56
6,1,56,51
51,36,139,71
121,6,221,56
46,6,187,76
171,31,221,81
86,6,121,41
141,11,211,46
176,41,211,76
76,1,288,71
201,1,254,36
206,16,259,51
61,6,131,41
21,11,233,81
121,6,196,56
176,21,211,56
111,6,217,41
66,6,207,76
146,6,252,76
56,16,106,66
76,1,201,51
116,41,186,76
1,21,101,71
161,21,231,56
191,26,226,61
36,41,71,76
21,21,146,71
186,11,292,46
141,26,247,61
106,36,176,71
186,11,286,61
71,11,212,81
71,11,121,61
126,6,161,41
1,21,71,56
246,21,316,56
176,6,301,56
56,31,91,66
131,6,166,41
26,31,61,66
86,26,139,61
116,11,166,61
66,1,101,36
116,1,204,36
246,11,296,61
61,26,114,61
131,16,201,51
116,21,216,71
81,1,293,71
146,11,216,46
221,6,271,56
266,11,316,61
121,31,227,66
101,1,136,36
161,21,236,71
116,1,292,71
181,16,251,51
41,26,91,76
1,16,213,86
106,16,181,66
91,41,197,76
21,26,121,76
126,36,196,71
56,31,109,66
11,31,46,66
161,11,231,81
41,41,147,76
131,1,231,51
11,31,117,66
256,11,306,61
176,6,282,41
186,16,221,51
41,11,182,81
71,11,141,46
206,21,312,56
131,1,237,71
206,26,312,61
231,11,301,46
66,1,141,51
111,6,164,41
36,6,212,76
116,36,222,71
106,36,194,71
16,31,91,81
116,16,222,51
106,1,231,51
61,21,211,71
6,16,59,51
86,6,156,41
26,11,151,61
271,1,306,36
66,16,101,51
181,1,306,51
56,6,232,76
6,1,81,51
96,6,146,56
21,36,91,71
81,21,116,56
31,6,101,76
251,21,286,56
111,26,146,61
166,46,219,81
1,16,126,66
156,11,226,46
146,16,296,66
146,21,196,71
181,26,251,61
11,26,86,76
206,21,259,56
11,11,81,46
136,16,224,51
211,16,246,51
46,6,116,41
111,26,199,61
121,31,156,66
116,6,186,41
