126,116,176,166
11,156,99,191
131,61,181,111
191,136,279,171
51,151,126,201
96,141,196,191
141,96,191,146
96,126,166,161
126,161,161,196
131,76,166,111
71,141,196,191
6,146,81,196
71,126,141,196
106,141,181,191
46,166,152,201
11,146,86,196
66,106,216,206
131,136,272,206
151,131,221,166
86,156,186,206
131,76,201,111
66,146,101,181
26,146,101,196
21,121,233,191
166,176,236,211
46,156,171,206
51,121,201,171
191,101,241,151
21,136,56,171
116,116,257,186
1,126,71,196
141,116,194,151
71,161,124,196
111,81,181,151
61,141,114,176
111,171,217,206
111,111,211,211
166,146,219,181
101,101,189,136
36,136,111,186
11,141,152,211
126,96,214,131
196,161,231,196
106,116,318,186
46,136,258,206
56,166,162,201
16,151,166,201
226,161,301,211
186,126,256,161
171,126,271,176
126,121,226,171
141,101,194,136
191,151,226,186
176,121,276,171
86,136,161,186
91,111,179,146
201,171,289,206
101,136,171,206
146,151,221,201
36,151,186,201
176,161,282,196
1,116,213,186
111,126,186,176
1,136,89,171
86,141,139,176
216,136,251,171
246,146,281,181
126,71,196,106
111,121,236,171
16,156,51,191
81,106,231,206
111,131,186,181
151,96,239,131
176,141,226,191
46,151,146,201
176,136,317,206
146,136,252,171
131,101,272,171
71,171,124,206
126,126,196,196
151,101,301,201
161,171,214,206
136,141,224,176
261,171,296,206
71,121,177,156
126,151,201,201
161,91,196,126
21,156,146,206
101,161,154,196
116,146,204,181
121,166,227,201
186,136,221,171
136,106,206,141
81,136,187,206
166,151,236,186
86,111,227,181
141,81,176,116
146,146,252,181
6,161,56,211
41,161,166,211
101,126,242,196
186,121,239,156
171,176,206,211
121,146,246,196
36,146,142,181
71,126,247,196
11,161,117,196
21,176,91,211
246,171,316,206
21,111,171,211
201,161,301,211
186,101,236,151
116,81,186,151
51,131,101,181
101,171,189,206
166,131,219,166
76,106,226,206
86,101,236,151
61,161,149,196
166,156,291,206
81,141,131,191
181,111,231,161
66,136,172,171
6,131,131,181
96,101,246,151
211,131,317,201
251,166,286,201
41,136,111,171
126,161,214,196
116,86,191,136
91,121,161,156
176,176,211,211
201,151,254,186
1,131,151,181
171,116,271,166
16,141,228,211
136,121,261,171
201,116,271,151
41,111,217,181
156,141,262,211
91,141,232,211
161,131,261,181
181,131,251,201
16,141,104,176
116,101,216,201
146,106,271,156
221,166,256,201
146,126,234,161
181,101,251,171
56,131,106,181
101,96,201,146
81,151,169,186
76,141,201,191
236,141,306,176
31,131,66,166
256,131,309,166
111,146,217,181
76,126,182,196
141,131,247,201
91,116,191,166
136,126,277,196
56,111,156,211
116,101,241,151
206,136,281,186
181,146,256,196
96,161,171,211
111,126,181,161
151,136,201,186
126,106,251,156
121,156,196,206
266,156,301,191
86,126,186,176
161,101,196,136
206,111,306,211
101,136,176,186
111,101,186,151
156,141,191,176
11,111,261,211
76,146,111,181
36,166,89,201
41,141,217,211
156,111,256,161
141,121,176,156
11,161,161,211
101,91,242,161
56,141,268,211
186,116,256,151
81,111,257,181
61,151,161,201
81,156,134,191
11,141,136,191
51,136,101,186
131,111,281,161
131,71,181,121
101,111,251,211
1,156,107,191
1,161,76,211
61,141,136,191
31,141,156,191
21,151,74,186
176,101,276,201
46,156,81,191
136,166,206,201
216,136,286,171
91,141,303,211
6,136,81,186
146,161,296,211
6,131,156,181
276,171,311,206
71,141,121,191
101,121,207,191
226,151,279,186
41,131,129,166
171,146,277,181
221,171,291,206
181,141,287,211
41,131,147,166
151,106,204,141
146,111,296,161
51,141,121,176
101,146,154,181
11,141,161,191
116,86,166,136
201,141,254,176
106,126,212,161
176,176,264,211
141,116,176,151
41,161,116,211
121,126,262,196
76,111,146,181
11,126,117,161
86,126,236,176
91,111,232,181
86,101,186,201
81,136,151,206
156,116,226,186
61,156,186,206
146,96,216,131
146,111,296,211
191,126,261,196
106,136,141,171
26,161,114,196
171,81,206,116
176,116,282,186
96,146,184,181
131,116,256,166
181,106,231,156
131,96,166,131
36,51,136,101
196,11,296,111
206,21,256,71
226,36,301,86
256,16,291,51
221,81,274,116
51,6,157,76
56,76,106,126
221,1,271,51
231,31,281,81
241,6,294,41
251,1,286,36
231,76,266,111
226,6,296,76
6,66,106,116
216,51,251,86
31,11,106,61
241,11,294,46
51,51,86,86
176,6,251,56
41,81,94,116
186,1,261,51
201,41,251,91
196,31,284,66
21,11,127,46
66,1,166,51
46,21,96,71
86,1,156,36
16,21,86,91
191,46,291,96
26,11,126,61
186,51,274,86
46,61,134,96
46,56,99,91
31,6,131,106
231,11,301,81
201,6,301,106
191,11,226,46
211,66,311,116
1,51,54,86
31,16,131,116
96,21,146,71
246,71,299,106
11,81,86,131
146,1,234,36
71,36,146,86
196,21,266,91
6,41,156,91
261,31,314,66
206,16,306,116
26,46,132,116
196,16,246,66
146,1,199,36
261,96,296,131
186,21,236,71
201,36,251,86
6,16,56,66
81,1,134,36
16,61,91,111
41,91,94,126
26,56,132,91
216,51,316,101
211,61,317,96
206,36,241,71
36,71,111,121
11,26,111,126
166,1,266,51
1,41,36,76
181,6,231,56
1,1,36,36
226,61,314,96
86,41,139,76
261,36,311,86
56,56,144,91
216,36,316,86
61,61,96,96
186,16,221,51
251,61,286,96
221,41,309,76
226,71,314,106
236,66,311,116
56,31,106,81
6,16,106,66
16,76,91,126
201,46,307,116
226,31,261,66
6,6,81,56
1,36,142,106
6,16,81,66
176,16,229,51
1,31,101,131
116,1,222,36
131,1,237,36
66,6,136,41
196,6,284,41
46,71,134,106
16,1,91,51
201,1,301,51
186,16,292,86
21,46,71,96
11,21,46,56
26,66,96,136
36,46,142,116
246,11,316,81
241,56,276,91
71,51,106,86
41,21,94,56
216,31,291,81
216,11,286,46
41,41,147,111
6,6,156,106
261,21,314,56
236,11,306,46
46,6,171,56
56,21,126,56
211,51,311,101
231,6,301,41
26,11,96,81
1,51,71,121
36,11,161,61
81,6,134,41
16,41,122,76
81,6,151,76
31,31,156,81
6,41,56,91
46,51,116,86
181,11,269,46
186,41,292,76
236,36,286,86
91,26,141,76
211,41,281,76
176,21,251,71
256,56,309,91
36,41,111,91
31,56,106,106
221,51,271,101
36,11,111,61
6,1,76,36
31,56,81,106
221,11,274,46
61,66,111,116
256,56,291,91
226,31,314,66
1,11,107,81
6,31,76,66
186,11,274,46
76,6,146,76
1,31,54,66
1,31,107,101
51,11,101,61
36,76,89,111
211,16,317,51
11,21,81,91
56,11,126,81
81,46,134,81
171,21,312,91
201,6,307,76
211,56,281,91
31,31,66,66
21,1,96,51
226,66,276,116
36,6,111,56
251,56,301,106
186,56,256,91
26,16,126,116
216,46,286,116
31,66,66,101
46,51,152,86
11,26,46,61
21,36,96,86
261,61,311,111
181,16,251,86
181,31,306,81
201,46,289,81
6,31,112,101
261,81,311,131
81,6,169,41
66,31,154,66
116,1,186,36
61,41,111,91
56,56,106,106
56,31,126,101
266,61,316,111
51,71,121,106
171,21,296,71
256,71,309,106
211,31,311,81
186,1,221,36
36,86,86,136
1,36,126,86
51,36,101,86
216,41,286,76
226,26,261,61
26,16,132,86
231,26,301,96
186,1,236,51
61,61,136,111
66,6,172,41
66,56,101,91
46,11,134,46
196,11,231,46
181,11,281,61
91,1,144,36
231,11,281,61
11,61,64,96
176,26,251,76
226,26,301,76
226,36,296,71
56,31,131,81
211,61,261,111
231,16,281,66
16,81,91,131
206,56,259,91
216,1,251,36
6,51,106,101
186,36,256,71
51,1,104,36
71,6,124,41
11,26,81,96
266,41,301,76
231,16,301,51
191,26,241,76
266,81,316,131
61,26,131,61
41,26,141,76
206,6,276,76
246,31,281,66
256,86,309,121
6,16,76,51
56,11,156,61
191,16,279,51
71,81,106,116
41,61,116,111
36,36,71,71
236,61,289,96
181,41,234,76
6,66,131,116
6,11,156,111
51,51,126,101
1,6,71,41
66,21,136,56
6,1,41,36
66,81,119,116
251,31,286,66
201,26,307,61
36,41,89,76
56,56,109,91
61,26,96,61
91,46,144,81
191,36,244,71
191,56,291,106
