236,121,289,156
241,136,294,171
236,131,289,166
216,106,269,141
111,116,146,151
81,126,116,161
251,126,286,161
236,136,271,171
231,111,266,146
106,126,141,161
231,116,266,151
86,126,156,161
246,126,281,161
71,126,141,161
216,96,251,131
46,126,134,161
121,126,156,161
251,136,286,171
46,126,116,161
251,131,286,166
226,121,261,156
236,111,271,146
46,126,81,161
41,126,147,161
211,91,246,126
121,106,156,141
76,126,111,161
121,111,156,146
226,126,261,161
96,126,131,161
236,121,286,171
116,131,151,166
61,126,114,161
221,96,256,131
71,126,106,161
241,131,276,166
46,126,99,161
116,126,151,161
66,126,119,161
216,111,269,146
226,121,279,156
66,126,154,161
216,106,251,141
126,101,161,136
36,126,106,161
41,126,94,161
41,126,129,161
116,111,151,146
241,136,276,171
36,126,71,161
231,126,266,161
226,116,279,151
86,126,139,161
51,126,157,161
221,116,256,151
231,121,266,156
36,126,89,161
231,136,266,171
236,116,289,151
81,126,134,161
221,116,274,151
61,166,149,201
146,166,199,201
111,171,146,206
171,156,224,191
196,161,246,211
76,161,201,211
106,161,212,196
136,161,189,196
76,166,146,201
91,156,141,206
256,166,291,201
251,156,286,191
231,176,266,211
146,171,252,206
201,156,251,206
161,161,214,196
126,176,161,211
91,156,126,191
146,156,221,206
216,176,269,211
126,156,276,206
181,161,281,211
131,166,201,201
86,156,236,206
186,156,261,206
241,176,294,211
226,156,301,206
21,161,127,196
201,161,307,196
21,176,91,211
6,161,106,211
206,171,294,206
126,161,276,211
46,156,171,206
176,156,229,191
191,156,261,191
146,161,271,211
1,156,54,191
96,156,202,191
41,176,129,211
216,171,251,206
76,161,176,211
26,161,96,196
256,166,309,201
121,176,174,211
101,161,136,196
111,156,261,206
211,161,246,196
181,161,269,196
1,171,71,206
196,171,249,206
86,161,161,211
56,156,106,206
1,151,54,186
101,161,171,196
161,171,249,206
41,161,141,211
81,156,169,191
86,161,211,211
216,156,304,191
81,166,151,201
96,156,221,206
91,171,144,206
66,156,191,206
126,166,196,201
16,151,116,201
191,161,279,196
51,156,101,206
196,156,266,191
26,176,61,211
131,176,237,211
6,156,94,191
101,161,176,211
211,156,261,206
1,156,107,191
171,176,206,211
16,156,91,206
11,161,136,211
161,176,214,211
76,171,182,206
11,151,81,186
101,166,171,201
66,161,154,196
176,156,251,206
46,161,96,211
216,166,304,201
166,176,254,211
11,166,117,201
181,156,251,191
71,156,177,191
11,146,64,181
46,171,116,206
141,171,176,206
86,166,139,201
121,161,246,211
16,161,91,211
226,156,314,191
31,161,137,196
206,176,241,211
86,156,136,206
6,151,56,201
166,161,216,211
121,156,171,206
116,161,204,196
201,156,307,191
96,171,184,206
11,151,117,186
156,176,262,211
186,176,221,211
266,166,319,201
51,161,101,211
1,151,126,201
61,166,114,201
91,166,179,201
31,161,84,196
16,156,69,191
26,166,61,201
106,176,176,211
136,161,261,211
26,151,101,201
126,161,161,196
136,16,236,66
41,66,111,101
166,46,254,81
56,6,106,56
41,41,129,76
171,106,206,141
6,26,218,96
66,1,166,51
66,36,101,71
81,46,116,81
166,1,272,71
166,26,291,76
41,31,111,66
16,26,122,96
86,26,156,96
191,56,244,91
106,31,282,101
156,6,297,76
16,1,91,51
136,46,206,81
261,121,296,156
136,21,189,56
106,6,159,41
161,6,311,106
136,56,224,91
256,131,309,166
86,31,236,81
216,1,266,51
236,56,289,91
6,81,106,131
146,26,296,76
41,6,147,41
176,21,229,56
6,26,41,61
101,51,154,86
76,1,226,101
161,6,196,41
131,46,219,81
276,101,311,136
31,26,207,96
51,91,121,126
146,16,216,51
91,21,141,71
116,11,166,61
26,21,151,71
106,31,141,66
111,36,146,71
36,16,106,86
86,6,236,106
151,26,201,76
116,51,151,86
211,16,281,86
231,41,301,111
211,6,311,56
96,6,221,56
6,6,76,41
216,16,316,66
1,21,71,56
16,16,216,116
166,61,219,96
166,6,254,41
1,11,301,111
36,1,142,36
156,36,226,71
161,56,249,91
231,56,301,91
81,1,187,71
1,111,51,161
261,56,311,106
166,11,219,46
151,11,257,81
161,16,302,86
151,56,221,91
221,51,291,86
136,46,242,81
31,1,207,71
236,31,271,66
121,61,209,96
1,101,51,151
166,6,316,56
36,41,106,76
216,16,251,51
141,31,211,101
191,31,279,66
21,36,121,136
226,36,296,106
226,1,314,36
51,26,126,76
156,26,191,61
106,16,159,51
241,16,311,51
116,6,316,106
116,46,191,96
26,96,96,131
36,21,136,71
6,46,76,81
141,46,266,96
61,46,114,81
36,21,212,91
46,56,116,91
11,36,111,86
1,121,36,156
51,31,126,81
111,6,217,76
191,1,261,71
131,6,237,41
121,6,209,41
156,6,231,56
56,11,206,61
66,6,116,56
31,41,119,76
66,16,242,86
256,26,309,61
11,61,86,111
6,21,182,91
1,61,151,111
61,16,111,66
221,46,256,81
161,61,196,96
121,31,227,101
121,11,227,81
36,6,177,76
56,11,126,46
211,16,281,51
131,21,237,56
191,36,316,86
31,11,119,46
201,31,289,66
116,16,186,86
6,11,206,111
201,11,301,61
71,21,212,91
136,41,286,91
31,41,101,111
171,36,224,71
26,61,151,111
91,11,303,81
71,11,283,81
131,1,237,36
36,21,177,91
246,66,281,101
61,91,96,126
186,26,239,61
171,51,221,101
206,21,256,71
1,56,76,106
171,1,206,36
21,61,146,111
61,26,96,61
31,26,137,61
146,46,181,81
71,36,141,106
131,21,184,56
96,1,171,51
21,11,127,81
31,6,172,76
91,56,126,91
41,26,91,76
116,21,169,56
196,46,231,81
71,41,196,91
56,41,126,76
61,56,149,91
31,21,181,71
186,16,239,51
206,21,306,71
41,46,91,96
76,46,164,81
36,16,248,86
91,41,216,91
31,41,81,91
126,6,302,76
216,21,251,56
191,31,266,81
166,6,216,56
76,6,182,76
181,11,269,46
141,61,229,96
186,11,256,46
226,31,314,66
156,16,262,86
6,11,131,61
111,16,217,86
216,56,304,91
181,6,306,56
21,36,56,71
86,36,236,86
181,11,216,46
6,31,56,81
51,41,157,76
101,6,277,76
121,1,227,71
231,21,281,71
1,46,213,116
166,51,219,86
11,46,111,96
191,26,316,76
81,6,169,41
241,61,311,96
136,41,189,76
16,31,91,81
211,51,246,86
66,11,166,61
221,31,291,101
181,106,216,141
211,51,299,86
281,31,316,66
136,21,277,91
86,11,161,61
111,1,146,36
6,46,106,96
226,46,301,96
216,46,251,81
51,6,126,56
11,36,223,106
136,16,286,66
36,21,111,71
51,66,101,116
256,101,309,136
221,11,274,46
61,36,136,86
16,1,266,101
131,16,256,66
211,46,264,81
121,61,227,96
16,26,141,76
26,121,61,156
11,91,117,126
151,21,292,91
96,36,149,71
281,81,316,116
136,36,312,106
171,1,259,36
161,41,267,76
56,6,162,41
81,31,187,66
21,6,146,56
26,16,76,66
186,21,292,91
76,11,288,81
1,51,51,101
46,6,81,41
11,81,99,116
41,16,116,66
236,66,306,101
131,36,184,71
161,36,236,86
51,81,104,116
1,1,151,101
81,11,134,46
91,6,241,56
226,21,279,56
86,36,192,106
166,31,266,81
126,6,201,56
41,56,94,91
6,6,112,76
61,16,211,116
76,36,151,86
21,26,91,61
81,31,231,81
11,86,61,136
51,11,121,81
201,51,236,86
221,36,274,71
141,51,176,86
246,66,296,116
26,66,114,101
41,21,141,121
106,6,282,76
181,61,287,96
6,91,76,126
191,46,316,96
206,26,276,61
6,1,156,101
146,21,181,56
206,36,306,86
171,46,296,96
181,16,269,51
196,26,271,76
11,36,99,71
41,31,111,101
236,61,289,96
111,41,199,76
66,6,242,76
116,1,216,101
71,16,283,86
46,21,187,91
211,21,246,56
46,1,146,101
36,56,71,91
41,81,76,116
51,51,201,101
171,26,206,61
6,16,112,51
61,26,161,76
16,16,104,51
51,26,121,61
41,1,241,101
251,6,301,56
21,21,233,91
66,91,101,126
266,136,301,171
251,86,304,121
41,16,91,66
46,31,222,101
146,26,234,61
216,16,291,66
6,11,256,111
211,26,264,61
36,16,71,51
51,1,192,71
66,46,136,116
151,26,257,96
181,31,269,66
96,16,184,51
81,16,206,66
