271,61,306,96
266,61,319,96
246,66,299,101
261,66,314,101
236,61,289,96
226,66,261,101
231,66,284,101
226,66,279,101
221,61,309,96
226,61,296,96
256,61,309,96
256,61,291,96
261,61,314,96
241,61,311,96
241,66,276,101
231,61,266,96
241,66,294,101
231,66,319,101
276,61,311,96
251,61,304,96
231,61,301,96
251,66,286,101
236,61,306,96
231,61,319,96
241,61,276,96
251,61,286,96
226,61,279,96
236,66,271,101
241,66,311,101
246,61,281,96
226,61,261,96
126,136,196,171
221,126,309,161
96,151,166,186
161,146,311,196
126,141,176,191
6,151,76,186
106,141,176,211
66,161,154,196
11,141,99,176
116,171,186,206
16,126,166,176
101,126,242,196
186,136,236,186
81,141,181,191
136,146,189,181
1,111,107,181
111,161,211,211
16,146,122,181
106,126,318,196
146,136,296,186
26,156,176,206
51,126,121,196
41,161,166,211
41,131,147,166
36,121,106,156
141,131,247,201
176,146,229,181
101,176,136,211
261,131,314,166
36,176,71,211
46,121,258,191
66,171,154,206
26,121,101,171
11,166,81,201
31,146,131,196
11,116,64,151
176,136,251,186
276,151,311,186
21,146,56,181
141,136,282,206
251,116,286,151
16,131,69,166
21,121,127,156
161,176,231,211
16,161,91,211
106,176,159,211
31,136,243,206
101,161,176,211
96,146,221,196
171,161,259,196
131,126,307,196
66,161,166,211
276,146,311,181
186,136,286,186
141,151,247,186
6,131,41,166
6,171,112,206
236,141,289,176
251,116,304,151
36,131,177,201
81,126,187,196
211,141,311,191
181,141,281,191
116,126,191,176
91,141,241,191
66,121,116,171
116,136,216,186
16,136,86,171
11,116,117,151
211,171,264,206
226,156,314,191
126,176,214,211
181,151,216,186
226,161,314,196
91,151,166,201
46,136,116,206
96,161,246,211
91,136,161,171
71,171,159,206
96,141,166,176
141,121,282,191
151,141,226,191
21,136,233,206
21,146,91,181
16,151,122,186
146,136,252,171
211,161,246,196
71,146,196,196
201,141,271,211
51,126,263,196
161,176,214,211
41,136,116,186
61,126,211,176
71,151,121,201
166,136,266,186
6,106,81,156
176,121,282,191
111,146,236,196
201,176,271,211
126,161,196,196
186,161,256,196
231,131,301,201
16,161,86,196
141,146,291,196
106,151,231,201
156,131,306,181
76,131,146,166
26,116,126,166
246,176,281,211
281,131,316,166
1,106,101,156
51,161,121,196
41,131,141,181
126,156,176,206
41,136,182,206
111,151,186,201
181,151,281,201
11,141,81,211
211,151,264,186
166,156,254,191
151,126,276,176
66,131,154,166
41,146,91,196
26,126,61,161
21,131,127,166
136,126,286,176
66,136,119,171
246,166,281,201
136,161,186,211
26,111,126,161
181,171,251,206
206,151,306,201
61,131,237,201
121,176,227,211
91,141,126,176
131,121,307,191
106,161,206,211
141,126,241,176
26,176,114,211
131,161,256,211
76,126,182,196
156,171,244,206
241,146,316,196
71,131,146,181
266,156,301,191
36,136,161,186
181,126,281,176
126,156,226,206
66,156,154,191
91,156,166,206
231,161,266,196
81,156,156,206
256,141,291,176
231,136,306,186
156,126,281,176
41,121,141,171
16,111,116,211
141,131,216,181
46,141,171,191
66,171,119,206
76,131,288,201
221,136,296,186
1,121,76,171
86,156,211,206
156,146,226,181
31,121,137,156
211,146,261,196
76,136,146,171
126,176,161,211
11,151,86,201
46,146,116,181
156,131,262,166
96,126,308,196
126,136,232,171
81,131,222,201
91,171,197,206
26,146,114,181
191,151,241,201
216,176,304,211
41,141,147,176
106,156,181,206
146,141,221,191
146,151,252,186
91,136,241,186
216,151,316,201
226,126,261,161
41,166,147,201
211,141,261,191
186,166,221,201
101,131,171,201
171,171,241,206
31,166,66,201
121,156,209,191
56,141,206,191
136,166,171,201
101,166,207,201
71,176,124,211
36,151,89,186
211,146,286,196
11,101,81,171
26,116,101,166
86,136,174,171
6,166,76,201
46,116,81,151
106,136,256,186
11,136,46,171
211,136,317,206
1,136,51,186
6,131,131,181
101,146,154,181
151,131,204,166
111,141,211,191
41,106,111,176
151,176,204,211
41,156,76,191
196,146,266,181
201,131,307,166
41,151,166,201
11,131,46,166
41,131,94,166
71,136,141,171
171,151,224,186
131,156,166,191
226,141,301,191
211,126,261,176
196,156,231,191
136,171,206,206
171,161,277,196
146,161,271,211
46,61,81,96
46,56,81,91
26,36,61,71
26,41,61,76
56,61,91,96
26,31,61,66
51,61,86,96
61,21,167,56
146,6,271,56
121,16,174,51
146,21,181,56
141,1,191,51
226,6,301,56
156,16,191,51
116,26,204,61
181,11,234,46
91,1,191,51
201,1,307,36
116,1,191,51
101,16,226,66
261,11,296,46
76,16,226,66
186,21,256,56
76,16,164,51
126,1,179,36
41,6,147,41
146,1,199,36
131,11,166,46
96,11,171,61
146,21,216,56
36,6,106,41
111,21,217,56
126,11,201,61
11,1,46,36
171,21,241,56
11,6,161,56
181,6,231,56
156,26,244,61
231,1,306,51
211,11,299,46
106,21,212,56
171,31,224,66
66,1,119,36
131,1,184,36
161,1,249,36
41,6,129,41
121,26,227,61
126,6,232,41
51,16,121,51
141,6,176,41
31,1,84,36
111,21,164,56
91,11,144,46
166,1,316,51
6,6,131,56
216,11,269,46
116,11,204,46
151,26,186,61
201,11,271,46
76,21,182,56
16,1,104,36
136,21,224,56
1,1,151,51
146,1,196,51
161,1,231,36
86,26,192,61
261,21,314,56
151,11,204,46
231,11,301,46
211,6,261,56
101,21,154,56
101,21,136,56
56,16,126,51
1,6,107,41
161,16,211,66
71,16,106,51
126,11,196,46
201,1,276,51
186,11,286,61
116,1,204,36
101,26,189,61
141,6,216,56
136,11,171,46
156,1,262,36
51,6,86,41
16,1,166,51
71,1,141,36
266,11,301,46
81,16,206,66
66,26,119,61
31,1,131,51
156,26,262,61
181,26,216,61
226,1,276,51
181,6,281,56
201,11,251,61
121,6,246,56
111,1,186,51
106,11,156,61
126,6,276,56
176,16,211,51
101,26,207,61
116,1,186,36
61,21,131,56
196,6,271,56
61,1,167,36
191,11,261,46
221,1,309,36
201,16,289,51
61,6,111,56
156,16,209,51
151,16,257,51
136,1,242,36
266,1,301,36
116,11,151,46
91,6,241,56
126,6,176,56
86,6,192,41
211,1,261,51
66,31,101,66
196,1,246,51
61,1,114,36
91,6,141,56
186,1,274,36
86,6,136,56
161,21,214,56
46,1,146,51
151,26,239,61
86,1,121,36
66,11,141,61
66,6,141,56
156,21,262,56
136,11,206,46
116,6,222,41
81,16,151,51
126,1,196,36
111,1,236,51
236,6,286,56
171,31,206,66
96,91,131,126
146,76,196,126
96,86,184,121
161,91,214,126
121,86,227,121
156,86,209,121
106,101,212,136
196,96,231,131
91,86,144,121
156,96,226,131
121,81,246,131
166,96,219,131
116,101,186,136
181,91,234,126
101,81,171,116
131,101,201,136
171,101,259,136
151,76,221,111
101,86,176,136
101,86,251,136
136,86,186,136
141,96,229,131
181,96,234,131
176,81,211,116
151,86,226,136
181,96,216,131
126,106,179,141
141,81,216,131
121,81,174,116
181,101,251,136
106,96,212,131
216,96,251,131
91,76,126,111
181,111,234,146
131,91,166,126
161,96,249,131
176,91,229,126
111,81,186,131
146,96,199,131
111,91,199,126
136,86,242,121
181,91,251,126
106,81,159,116
156,86,226,121
106,106,141,141
186,111,239,146
151,91,221,126
121,101,174,136
121,81,221,131
141,106,229,141
131,101,237,136
151,101,186,136
91,91,179,126
151,106,221,141
156,106,226,141
186,111,221,146
171,81,206,116
161,91,211,141
146,96,181,131
91,91,241,141
116,106,151,141
106,81,176,116
131,106,237,141
171,86,224,121
141,91,216,141
101,96,154,131
146,106,252,141
106,86,231,136
116,91,151,126
