46,171,81,206
11,176,117,211
166,151,201,186
241,151,294,186
56,171,91,206
51,171,86,206
156,156,191,191
256,161,291,196
41,156,94,191
161,176,231,211
156,176,209,211
21,166,56,201
251,156,301,206
11,156,86,206
211,176,317,211
41,176,147,211
251,171,304,206
31,176,84,211
81,176,116,211
161,171,196,206
151,156,186,191
246,141,296,191
6,171,76,206
191,176,297,211
246,111,316,181
246,176,316,211
31,166,101,201
21,171,74,206
241,126,311,196
36,151,71,186
146,176,181,211
136,161,211,211
226,176,261,211
31,171,66,206
106,176,212,211
46,151,96,201
166,176,236,211
16,166,51,201
231,166,266,201
261,146,314,181
26,151,79,186
141,176,176,211
266,161,319,196
6,151,56,201
6,146,81,196
156,166,209,201
241,166,311,201
156,151,191,186
16,161,51,196
241,156,294,191
231,176,301,211
156,161,191,196
201,176,271,211
246,136,316,206
56,161,91,196
71,176,177,211
156,176,191,211
241,176,311,211
11,166,64,201
1,156,51,206
81,176,187,211
121,176,209,211
276,146,311,181
21,146,56,181
241,151,316,201
231,161,281,211
256,166,291,201
16,156,66,206
246,171,299,206
1,176,54,211
271,171,306,206
6,171,41,206
1,161,101,211
41,176,76,211
51,161,86,196
266,131,316,181
1,146,36,181
231,161,284,196
6,161,59,196
1,146,51,196
266,176,319,211
256,146,309,181
11,151,46,186
6,146,41,181
16,146,51,181
261,146,311,196
141,151,191,201
146,176,252,211
1,156,101,206
251,166,304,201
26,171,79,206
26,166,96,201
261,161,311,211
46,146,81,181
221,176,256,211
46,151,81,186
276,176,311,211
161,161,211,211
156,171,191,206
236,156,289,191
11,146,81,181
266,166,301,201
111,176,199,211
16,156,69,191
151,166,204,201
276,161,311,196
246,156,281,191
31,146,84,181
31,176,101,211
241,171,276,206
11,146,61,196
6,156,81,206
241,141,316,191
246,151,281,186
46,166,99,201
246,151,296,201
16,171,122,206
171,176,277,211
241,161,294,196
16,151,51,186
281,176,316,211
1,161,89,196
51,176,86,211
256,151,309,186
51,166,86,201
31,176,137,211
46,171,99,206
146,156,181,191
31,156,81,206
261,151,296,186
76,176,111,211
246,161,296,211
16,161,91,211
266,156,319,191
251,151,301,201
1,176,36,211
41,151,91,201
46,166,81,201
6,146,76,181
151,171,204,206
236,171,271,206
6,171,59,206
151,156,204,191
6,161,76,196
261,151,311,201
261,156,311,206
186,176,221,211
146,151,181,186
236,161,271,196
146,161,196,211
266,146,319,181
141,171,176,206
246,156,299,191
241,161,316,211
11,176,46,211
256,151,291,186
1,166,71,201
146,176,234,211
1,166,107,201
21,166,91,201
156,176,262,211
271,161,306,196
181,176,216,211
171,176,241,211
11,161,61,211
31,176,119,211
166,176,219,211
236,161,306,196
281,171,316,206
36,166,89,201
16,171,51,206
6,156,94,191
256,151,306,201
51,176,139,211
1,161,54,196
96,86,171,136
81,46,281,146
56,126,106,176
16,56,122,91
91,31,191,131
211,76,286,126
31,51,131,151
186,66,256,136
161,11,231,81
211,131,261,181
141,56,241,156
76,1,217,71
76,91,252,161
56,36,197,177
51,76,86,111
201,116,236,151
56,36,126,106
91,61,303,131
206,151,241,186
86,61,136,111
206,81,276,151
36,51,106,121
171,106,271,156
156,31,226,101
61,21,202,162
116,136,222,171
26,21,276,121
116,66,169,101
231,101,301,136
131,6,237,76
21,46,127,81
76,36,182,106
21,96,121,146
21,76,271,176
156,101,256,151
126,46,232,116
96,41,308,182
91,76,161,111
51,36,227,106
81,106,151,141
66,16,166,116
126,36,232,106
31,66,207,136
41,56,191,106
216,46,291,96
211,141,264,176
11,51,223,121
181,66,256,116
61,41,237,111
211,71,261,121
111,41,261,141
21,91,91,126
76,31,217,101
131,66,219,101
91,81,232,151
76,36,288,106
1,6,201,106
6,41,112,111
26,116,61,151
236,106,271,141
196,96,246,146
111,11,252,152
211,151,246,186
26,126,79,161
216,71,266,121
111,76,181,146
41,106,111,176
121,26,297,96
111,41,217,76
141,36,216,86
111,41,181,111
146,136,216,171
171,111,259,146
141,121,191,171
91,61,191,111
196,131,271,181
21,21,303,162
31,6,243,147
16,41,316,141
21,26,162,167
61,101,149,136
156,111,262,146
21,51,127,121
1,86,51,136
66,6,216,106
176,116,282,186
41,76,111,111
126,71,201,121
116,81,222,151
51,76,126,126
161,136,267,171
161,51,261,151
11,51,111,151
31,46,84,81
136,106,261,156
106,96,318,166
131,46,307,116
176,51,317,121
96,101,166,136
176,66,276,166
66,96,242,166
111,26,161,76
161,116,267,151
71,21,283,162
26,56,176,156
171,71,206,106
31,31,131,81
16,46,316,146
166,21,266,121
1,86,151,136
161,46,196,81
236,86,286,136
156,126,262,161
6,91,218,161
56,41,162,111
181,91,281,141
31,61,172,131
176,41,317,111
66,131,166,181
106,96,176,131
26,41,101,91
191,56,291,156
11,41,161,91
171,51,241,121
166,126,201,161
6,86,147,156
146,106,252,141
21,81,271,181
61,121,186,171
1,76,71,146
136,76,277,146
196,46,266,81
141,36,291,86
96,51,196,151
181,36,287,71
151,26,226,76
221,81,274,116
206,41,306,141
51,41,157,111
201,21,271,91
151,96,226,146
86,101,211,151
41,31,166,81
31,91,84,126
126,46,161,81
76,26,276,126
191,71,297,106
141,56,266,106
121,66,221,166
86,116,236,166
71,101,141,171
141,51,241,151
51,136,139,171
131,86,231,186
6,76,112,111
151,66,292,136
11,56,117,91
211,111,281,146
26,31,167,172
86,46,121,81
191,56,297,91
151,36,292,106
6,61,56,111
166,101,316,151
11,26,81,96
66,71,278,141
41,36,111,106
16,66,86,136
46,21,222,91
121,31,221,131
76,51,176,151
86,96,139,131
156,56,256,156
176,96,246,166
156,46,231,96
56,86,268,156
6,121,56,171
51,111,121,181
26,16,226,116
116,96,292,166
26,46,114,81
21,26,162,96
36,106,86,156
66,116,191,166
116,51,169,86
151,26,301,126
111,126,186,176
71,41,221,141
71,16,283,157
51,81,151,131
86,36,211,86
171,61,241,131
171,111,277,181
81,86,231,186
6,41,218,111
181,51,231,101
196,76,302,111
176,116,246,186
116,6,266,106
196,46,266,116
211,36,261,86
61,86,186,136
161,101,286,151
206,86,312,121
181,116,216,151
206,131,256,181
101,46,176,96
91,76,216,126
96,66,146,116
121,51,156,86
136,56,224,91
231,96,281,146
191,61,316,111
101,86,313,156
191,46,297,116
6,71,112,106
61,31,273,101
211,126,261,176
186,126,239,161
36,11,212,81
66,106,141,156
96,11,166,81
121,41,191,111
141,51,291,101
26,1,132,71
126,66,201,116
81,66,156,116
146,56,199,91
71,36,106,71
136,76,186,126
66,91,172,126
61,71,211,121
106,106,176,176
81,31,181,81
51,36,176,86
191,91,226,126
51,76,139,111
131,56,237,91
111,71,146,106
101,131,189,166
106,51,156,101
156,106,226,141
31,1,231,101
131,16,281,116
36,36,124,71
21,6,221,106
6,81,59,116
96,111,196,161
61,36,211,86
46,76,296,176
166,41,307,111
171,96,206,131
16,116,166,166
16,36,228,106
121,61,221,161
6,11,112,81
76,56,146,126
6,16,112,86
6,6,218,147
171,101,224,136
181,146,251,181
91,36,197,71
96,51,246,101
96,111,237,181
121,36,209,71
186,36,256,106
116,61,204,96
1,66,54,101
46,66,96,116
56,76,126,146
71,21,121,71
96,46,246,96
176,136,264,171
171,56,312,126
76,121,182,156
116,21,266,71
121,121,221,171
51,61,104,96
196,36,284,71
91,106,216,156
46,91,134,126
16,76,104,111
76,86,164,121
151,76,251,176
216,6,316,56
236,6,306,76
251,26,286,61
201,6,254,41
176,6,264,41
241,26,316,76
111,1,217,36
241,26,276,61
191,6,226,41
196,11,271,61
191,6,244,41
246,31,296,81
221,6,256,41
231,11,301,81
231,16,281,66
146,1,234,36
256,1,306,51
166,1,266,51
201,16,289,51
156,1,281,51
181,11,251,46
191,11,316,61
236,1,271,36
216,1,286,36
226,1,276,51
226,16,301,66
106,1,231,51
201,11,254,46
201,1,276,51
206,11,281,61
141,11,247,46
191,6,316,56
186,21,274,56
241,11,316,61
101,1,226,51
171,6,271,56
266,16,316,66
156,1,231,51
221,1,256,36
256,1,309,36
