41,41,111,76
211,16,264,51
1,1,36,36
71,1,171,51
26,11,76,61
51,11,126,61
61,31,111,81
186,11,256,46
1,1,151,51
76,6,129,41
221,6,309,41
146,1,296,51
146,6,199,41
46,1,96,51
96,6,171,56
41,6,111,76
11,31,46,66
21,11,71,61
16,6,66,56
201,16,307,51
46,21,116,56
51,1,101,51
131,1,219,36
66,21,154,56
21,16,91,51
1,56,36,91
61,26,149,61
256,21,291,56
211,6,286,56
11,16,161,66
21,16,96,66
176,1,282,36
101,11,207,46
241,16,276,51
41,16,141,66
36,11,106,46
76,6,146,41
216,16,286,51
21,36,71,86
51,26,86,61
61,31,96,66
206,16,312,51
206,16,294,51
1,31,126,81
186,1,256,36
266,1,316,51
136,1,171,36
86,1,161,51
136,6,224,41
76,1,146,36
71,6,159,41
191,6,291,56
101,6,136,41
56,11,131,61
61,11,96,46
46,46,99,81
161,6,311,56
16,21,122,56
6,26,131,76
206,6,259,41
236,1,286,51
101,11,189,46
106,1,256,51
71,21,121,71
46,26,134,61
81,1,156,51
106,1,231,51
181,6,234,41
101,16,154,51
6,46,59,81
186,6,221,41
206,1,281,51
181,6,251,41
6,26,94,61
66,36,101,71
1,41,76,91
31,1,101,71
111,16,146,51
1,6,71,76
196,6,266,41
61,6,131,41
256,31,309,66
26,26,126,76
266,36,301,71
36,21,142,56
26,6,126,56
31,21,101,56
11,16,117,51
231,16,319,51
26,6,76,56
116,11,186,46
86,21,121,56
21,6,91,41
261,31,314,66
56,11,91,46
76,16,126,66
1,21,126,71
131,6,166,41
201,21,307,56
1,26,36,61
46,6,81,41
216,1,269,36
11,26,99,61
181,1,281,51
276,21,311,56
236,11,306,46
91,11,144,46
56,21,131,71
266,11,301,46
1,1,126,51
31,1,119,36
116,1,222,36
166,1,201,36
46,11,99,46
61,41,114,76
11,16,61,66
71,6,196,56
46,1,81,36
161,1,249,36
121,11,156,46
226,16,279,51
156,16,262,51
6,11,112,46
136,11,242,46
36,6,86,56
21,1,127,36
261,11,296,46
121,16,191,51
41,31,129,66
236,11,271,46
31,1,137,71
36,1,111,51
11,46,81,81
21,31,96,81
281,1,316,36
201,16,254,51
16,16,86,51
171,6,224,41
106,1,141,36
36,31,142,66
61,1,114,36
6,46,76,81
21,46,74,81
136,1,224,36
1,31,54,66
11,26,46,61
271,36,306,71
31,46,66,81
16,51,69,86
21,6,91,76
261,1,311,51
31,11,156,61
216,6,266,56
161,11,249,46
106,11,212,46
176,11,229,46
31,31,66,66
56,6,109,41
241,26,294,61
31,51,84,86
26,6,96,76
16,41,122,76
16,11,166,61
136,16,189,51
201,11,289,46
56,6,126,41
251,11,301,61
1,6,54,41
111,1,211,51
166,1,254,36
181,1,216,36
51,31,86,66
81,6,131,56
6,56,41,91
166,11,219,46
36,6,71,41
21,31,109,66
66,6,191,56
1,31,89,66
116,1,186,36
1,26,101,76
1,16,126,66
226,16,296,51
51,21,86,56
86,1,156,36
181,1,306,51
96,1,146,51
46,6,121,56
156,11,244,46
146,16,234,51
271,11,306,46
166,11,236,46
106,1,206,51
196,1,246,51
176,11,246,46
21,21,127,56
196,16,231,51
41,1,91,51
26,11,101,61
86,11,174,46
221,16,291,51
156,6,244,41
26,16,101,66
261,16,296,51
36,31,106,66
231,6,306,56
161,11,214,46
186,11,292,46
11,41,46,76
86,11,192,46
206,6,281,56
31,21,137,56
36,26,86,76
31,21,106,71
46,21,81,56
51,11,157,46
76,21,164,56
66,16,101,51
41,6,129,41
161,16,267,51
76,41,111,76
181,106,251,176
146,131,287,201
116,131,222,166
116,131,292,201
261,71,296,106
141,146,241,196
231,81,301,116
126,121,196,191
106,131,247,201
61,136,149,171
186,136,292,171
36,81,86,131
46,106,121,156
41,101,147,171
71,126,247,196
146,101,234,136
36,116,142,151
81,61,187,131
101,66,151,116
11,121,99,156
91,141,144,176
146,161,252,196
86,126,139,161
71,96,159,131
86,96,136,146
56,146,144,181
181,56,234,91
46,136,99,171
126,151,179,186
226,86,301,136
71,51,271,151
191,91,244,126
11,126,161,176
21,151,171,201
231,86,284,121
26,141,238,211
81,81,116,116
36,66,248,136
201,111,276,161
246,156,281,191
106,51,282,121
116,56,222,126
36,146,89,181
96,106,246,206
31,81,81,131
186,91,256,161
166,121,272,156
46,71,196,121
21,106,221,206
131,156,256,206
71,126,124,161
31,71,243,212
181,136,251,171
126,81,196,116
116,106,292,176
186,121,292,191
181,116,269,151
26,131,132,201
106,81,206,181
166,66,307,207
101,91,151,141
46,56,258,126
151,86,226,136
71,101,221,201
136,121,261,171
86,131,139,166
181,126,251,161
121,51,156,86
11,131,99,166
56,111,109,146
106,121,181,171
76,71,176,171
91,126,216,176
171,106,206,141
86,121,186,171
211,66,311,166
131,91,256,141
176,121,246,156
1,116,213,186
111,146,146,181
141,106,241,156
151,81,257,151
221,141,291,211
66,106,141,156
11,141,46,176
151,141,201,191
111,146,211,196
151,131,301,181
211,91,286,141
101,76,189,111
16,131,228,201
46,86,296,186
146,126,234,161
131,116,237,186
166,106,236,176
156,46,281,96
16,136,51,171
141,116,247,186
231,81,301,151
171,131,206,166
171,121,277,156
161,161,286,211
91,71,161,106
86,106,262,176
21,81,146,131
66,116,242,186
101,46,226,96
171,76,259,111
121,106,156,141
171,56,277,126
131,56,281,106
36,101,71,136
166,61,219,96
1,146,76,196
1,96,51,146
191,86,261,121
26,71,167,212
41,81,166,131
86,151,161,201
131,51,219,86
31,126,243,196
61,126,114,161
181,106,287,141
131,86,237,121
41,136,91,186
101,101,189,136
41,91,291,191
181,86,251,156
21,81,91,151
126,101,214,136
56,81,156,131
111,136,287,206
231,61,301,131
241,106,291,156
171,126,259,161
116,141,292,211
106,56,247,197
71,156,177,191
91,91,303,161
181,81,281,131
271,121,306,156
66,141,172,211
226,66,276,116
176,41,246,76
146,96,216,131
121,51,174,86
151,106,301,156
211,56,286,106
111,136,236,186
131,76,201,111
46,106,96,156
81,106,151,176
51,106,157,176
61,146,149,181
206,116,276,186
106,126,176,196
16,121,86,191
156,71,206,121
61,91,131,126
101,81,207,151
106,106,256,156
171,76,241,111
196,151,271,201
61,126,211,176
41,101,217,171
61,111,261,211
136,111,261,161
51,141,227,211
201,121,271,156
191,151,261,186
121,121,174,156
46,76,196,176
236,136,311,186
146,56,181,91
116,131,186,166
6,71,156,171
56,156,126,191
171,51,221,101
61,66,186,116
96,56,308,197
171,106,277,176
11,96,81,166
131,101,181,151
21,116,121,166
91,86,303,156
141,151,266,201
161,66,249,101
36,141,111,191
41,141,94,176
101,86,176,136
106,91,256,141
6,116,106,166
91,41,241,141
236,136,306,171
101,136,171,206
101,151,251,201
66,96,154,131
66,86,316,186
41,131,91,181
51,76,201,126
216,76,286,111
186,56,292,91
166,56,272,91
136,86,236,186
31,101,172,171
76,111,276,211
66,131,119,166
141,91,247,161
111,126,287,196
41,96,76,131
101,76,201,126
141,91,241,141
31,106,66,141
31,101,101,171
256,116,306,166
71,141,141,176
41,91,129,126
206,76,276,111
226,86,279,121
31,151,131,201
116,161,266,211
91,111,161,181
156,141,262,211
106,101,176,136
196,116,284,151
16,131,141,181
116,136,241,186
86,86,139,121
181,76,234,111
81,106,131,156
181,66,216,101
16,111,86,146
1,111,151,211
41,81,94,116
251,101,286,136
121,46,262,116
121,111,246,161
96,91,184,126
121,121,196,171
206,121,276,156
111,141,261,191
11,111,161,161
131,46,201,81
211,101,261,151
226,141,276,191
26,71,308,212
131,161,256,211
181,56,231,106
151,51,257,121
166,56,236,91
56,71,306,171
101,81,251,131
46,131,258,201
76,111,126,161
116,111,186,181
6,141,59,176
261,121,311,171
136,76,224,111
181,41,256,91
46,106,81,141
36,101,286,201
6,71,218,212
146,81,234,116
111,56,217,126
131,116,272,186
111,81,287,151
216,106,316,156
116,141,204,176
21,96,233,166
146,66,196,116
126,156,276,206
1,91,177,161
41,136,191,186
116,66,191,116
121,51,227,86
151,61,221,131
186,136,239,171
6,101,56,151
