6,66,59,101
91,11,144,46
36,16,142,86
16,51,69,86
36,46,89,81
216,1,266,51
191,1,297,36
11,36,117,71
86,11,236,61
31,6,172,76
246,11,299,46
71,6,141,76
66,21,166,71
251,21,304,56
156,16,281,66
141,1,211,36
191,1,266,51
136,16,206,51
56,21,106,71
201,1,271,36
66,26,154,61
66,41,101,76
1,1,142,71
106,16,206,66
26,31,76,81
261,36,314,71
206,26,241,61
86,16,136,66
11,41,117,76
221,16,291,51
246,11,296,61
11,66,46,101
11,26,64,61
16,51,66,101
131,16,166,51
121,11,191,46
186,26,239,61
46,11,171,61
56,26,126,61
186,26,274,61
191,31,297,66
146,1,196,51
261,16,311,66
61,1,131,36
116,6,241,56
31,11,137,46
41,16,111,86
46,11,99,46
61,21,114,56
201,21,307,56
146,16,234,51
61,21,186,71
21,31,96,81
191,16,291,66
121,21,191,56
206,1,312,71
76,16,201,66
116,11,186,46
226,16,279,51
61,6,211,56
226,11,279,46
171,11,259,46
46,21,99,56
241,16,291,66
71,6,171,56
206,11,294,46
56,26,109,61
56,11,126,81
151,6,226,56
26,41,61,76
231,6,281,56
156,11,231,61
36,16,111,66
1,16,89,51
116,21,151,56
171,11,241,46
36,26,142,61
76,11,146,81
161,6,311,56
206,31,276,66
116,16,266,66
11,26,61,76
221,1,309,36
71,26,177,61
181,11,234,46
11,41,86,91
251,31,304,66
231,6,266,41
151,21,239,56
16,11,91,61
246,26,281,61
26,11,132,46
61,11,114,46
1,31,71,66
91,16,126,51
166,1,241,51
91,1,161,36
21,61,56,96
41,16,191,66
16,1,86,36
261,21,314,56
16,6,116,106
16,11,86,46
106,16,256,66
156,6,306,56
176,6,282,41
1,11,177,81
26,46,101,96
56,1,268,71
26,36,96,71
61,1,131,71
111,6,146,41
71,31,106,66
221,16,271,66
206,21,312,56
16,41,51,76
46,11,134,46
121,21,156,56
201,6,271,41
71,21,124,56
136,6,261,56
21,31,71,81
156,6,244,41
136,1,236,51
211,1,261,51
61,6,96,41
11,21,81,56
1,61,89,96
51,11,176,61
1,56,54,91
126,16,176,66
66,6,101,41
16,26,86,96
141,6,247,41
276,21,311,56
141,16,194,51
16,16,104,51
51,51,121,86
266,6,319,41
111,6,236,56
21,56,56,91
186,16,236,66
191,26,226,61
16,21,116,71
6,36,76,106
16,26,141,76
41,41,129,76
231,6,306,56
11,66,64,101
166,1,272,36
56,36,144,71
36,36,89,71
6,16,106,66
71,11,177,46
201,31,307,66
51,11,157,81
126,16,251,66
16,31,122,66
161,11,211,61
206,1,281,51
11,71,46,106
1,31,89,66
186,21,221,56
176,16,251,66
11,1,161,51
231,26,284,61
51,1,101,51
101,16,154,51
186,11,261,61
71,21,146,71
41,71,76,106
61,26,136,76
81,21,116,56
66,6,141,56
166,16,216,66
126,1,302,71
136,1,242,36
1,51,71,86
91,16,161,51
46,31,146,81
146,16,221,66
186,6,292,41
206,21,276,56
91,16,144,51
1,66,51,116
161,16,231,51
96,11,196,61
1,6,107,76
1,41,36,76
21,6,74,41
71,26,146,76
6,51,81,101
11,31,81,66
46,16,121,66
166,16,219,51
191,11,291,61
251,1,304,36
21,1,146,51
26,6,202,76
211,1,264,36
86,6,236,56
111,6,161,56
6,11,76,81
101,11,171,46
156,16,206,66
31,6,156,56
151,26,204,61
11,1,81,71
1,6,76,56
56,6,144,41
111,36,146,71
46,6,152,41
266,16,301,51
16,21,91,71
236,21,306,56
86,1,236,51
116,31,204,66
16,41,104,76
1,1,71,71
16,66,86,101
26,61,76,111
51,1,157,71
36,36,124,71
211,11,264,46
56,1,126,36
86,11,121,46
26,26,132,61
66,11,116,61
46,21,152,56
211,26,246,61
56,21,181,71
206,26,294,61
66,26,172,61
56,21,131,71
116,1,166,51
6,11,131,61
1,46,71,81
16,6,91,56
191,16,241,66
41,46,91,96
91,6,191,56
121,146,209,181
91,141,161,211
196,166,284,201
36,121,89,156
81,86,181,136
206,71,306,121
126,136,232,206
46,151,96,201
201,91,271,126
36,96,177,166
146,156,252,191
81,66,181,166
141,61,176,96
96,61,221,111
56,141,109,176
141,71,216,121
86,121,298,191
101,61,301,161
186,116,256,151
66,171,172,206
141,106,266,156
206,66,256,116
116,81,257,151
236,141,286,191
136,146,261,196
11,141,86,191
41,126,217,196
1,146,126,196
76,171,164,206
151,61,276,111
166,111,201,146
221,126,274,161
66,96,136,166
121,86,209,121
231,141,284,176
56,146,144,181
36,101,136,201
71,111,159,146
36,166,142,201
81,106,231,206
181,76,287,146
201,91,251,141
236,86,289,121
166,86,291,136
201,101,307,136
31,116,101,151
236,171,306,206
81,61,231,161
71,96,177,131
146,56,252,126
6,126,156,176
51,106,86,141
66,101,216,151
151,86,239,121
56,101,256,201
121,116,297,186
51,96,101,146
186,106,286,206
176,126,226,176
46,136,99,171
41,176,147,211
221,86,309,121
206,101,306,201
111,56,211,156
186,156,286,206
56,121,91,156
156,81,262,116
206,171,259,206
201,136,276,186
131,101,281,151
151,66,292,207
166,101,291,151
141,161,194,196
1,131,142,201
191,61,261,131
26,96,132,166
216,161,291,211
166,61,272,96
66,131,166,181
46,101,296,201
116,81,292,151
101,76,136,111
141,51,282,192
106,81,206,181
71,86,124,121
31,106,137,141
76,86,252,156
121,61,227,131
81,146,151,181
211,146,264,181
101,161,171,196
116,101,222,136
136,111,236,161
91,86,241,136
86,141,136,191
111,136,211,186
136,156,261,206
101,86,201,136
206,156,259,191
86,126,211,176
171,61,312,202
96,136,149,171
236,86,311,136
191,161,316,211
71,116,221,166
91,86,216,136
101,106,277,176
151,151,226,201
136,91,206,126
61,91,202,161
161,136,286,186
111,106,211,156
36,96,142,131
21,111,127,146
116,131,166,181
81,61,222,131
1,161,126,211
1,116,71,186
141,156,216,206
111,141,161,191
201,71,271,106
131,71,231,171
11,96,261,196
51,121,201,171
101,106,207,176
181,91,306,141
71,141,283,211
66,166,172,201
126,136,179,171
141,96,317,166
56,156,131,206
186,131,274,166
111,76,146,111
11,91,187,161
76,71,217,141
91,141,303,211
101,126,207,196
6,111,256,211
41,166,76,201
36,161,89,196
181,156,231,206
106,86,181,136
221,91,309,126
156,121,206,171
31,111,106,161
131,111,231,211
241,126,311,161
91,126,179,161
266,91,301,126
56,81,156,131
111,161,164,196
261,171,296,206
76,81,146,151
241,161,316,211
21,106,74,141
176,81,264,116
11,101,117,171
86,141,211,191
56,161,91,196
131,96,231,146
151,101,301,201
46,151,171,201
41,146,111,181
136,61,286,161
1,136,126,186
71,96,177,166
26,116,176,166
56,91,144,126
11,86,311,186
86,86,174,121
136,61,211,111
81,136,116,171
41,121,147,156
116,96,216,146
56,121,197,191
171,121,224,156
191,111,226,146
181,136,287,206
61,141,131,211
1,111,142,181
171,116,206,151
106,136,141,171
171,151,259,186
146,91,246,191
66,71,316,171
31,116,243,186
56,116,232,186
116,166,222,201
11,81,311,181
111,101,186,151
86,161,121,196
76,176,129,211
46,131,152,201
61,121,111,171
96,81,246,181
91,106,241,156
76,81,176,181
181,81,256,131
96,136,171,186
6,126,41,161
161,116,214,151
176,141,246,176
146,156,221,206
181,126,251,196
201,116,271,186
131,96,281,146
141,141,211,211
136,101,277,171
66,121,119,156
21,146,56,181
31,91,281,191
171,121,277,156
86,131,156,201
71,91,177,161
6,141,131,191
116,126,191,176
61,91,114,126
66,156,172,191
206,146,306,196
206,156,241,191
36,121,161,171
86,81,192,151
191,91,291,141
36,106,177,176
91,91,191,141
41,111,91,161
136,136,224,171
36,136,89,171
91,136,191,186
31,106,137,176
251,76,286,111
86,61,211,111
61,116,237,186
96,91,202,161
101,76,251,176
146,81,221,131
21,121,146,171
141,61,194,96
91,146,197,181
216,161,269,196
121,76,191,111
26,126,114,161
121,81,227,116
161,96,261,196
56,101,156,201
91,101,291,201
86,136,156,171
191,111,279,146
56,101,156,151
141,91,229,126
31,126,181,176
231,66,281,116
156,151,209,186
196,71,246,121
166,151,316,201
86,116,192,151
111,156,164,191
201,106,251,156
